/*--------------------------------*- C++ -*----------------------------------*\
| =========                 |                                                 |
| \\      /  F ield         | OpenFOAM: The Open Source CFD Toolbox           |
|  \\    /   O peration     | Version:                                        |
|   \\  /    A nd           | Website:  www.openfoam.com                      |
|    \\/     M anipulation  |                                                 |
\*---------------------------------------------------------------------------*/
FoamFile
{
    version     2.0;
    format      ascii;
    class       cellSet;
    location    "constant/polyMesh/sets";
    object      highAspectRatioCells;
}
// * * * * * * * * * * * * * * * * * * * * * * * * * * * * * * * * * * * * * //


1520
(
153600
0
153601
1
153602
2
153603
3
153604
4
153605
5
153606
6
153607
7
124944
57360
124945
57361
124946
57362
124947
57363
124948
57364
124949
57365
124950
124951
182304
96288
28704
182305
96289
28705
182306
28706
182307
28707
182308
28708
153648
86064
48
153649
86065
49
153650
50
153651
51
153652
52
124992
57408
124993
57409
124994
57410
124995
57411
124996
57412
124997
57413
57414
57415
182352
28752
182353
28753
182354
28754
182355
28755
182356
28756
182357
28757
182358
28758
182359
28759
153696
86112
96
153697
86113
97
153698
86114
98
153699
86115
99
153700
100
125040
57456
125041
57457
125042
57458
125043
57459
57460
182400
28800
182401
28801
182402
28802
182403
28803
182404
28804
182405
28805
182406
28806
182407
28807
153744
86160
144
153745
86161
145
153746
86162
146
153747
86163
147
153748
86164
148
153749
86165
149
153750
150
153751
151
125088
57504
125089
57505
57506
57507
57508
182448
114864
28848
182449
114865
28849
182450
28850
182451
28851
182452
28852
153792
86208
192
153793
86209
193
153794
86210
194
153795
86211
195
153796
86212
196
153797
86213
197
86214
86215
57552
57553
57554
57555
57556
57557
57558
57559
182496
114912
28896
182497
114913
28897
182498
114914
28898
182499
114915
28899
182500
28900
153840
86256
240
153841
86257
241
153842
86258
242
153843
86259
243
86260
57600
57601
57602
57603
57604
57605
57606
57607
182544
114960
28944
182545
114961
28945
182546
114962
28946
182547
114963
28947
182548
114964
28948
182549
114965
28949
182550
28950
182551
28951
153888
86304
288
153889
86305
289
86306
290
86307
86308
143664
57648
143665
57649
57650
57651
57652
182592
115008
28992
182593
115009
28993
182594
115010
28994
182595
115011
28995
182596
115012
28996
115013
28997
115014
115015
86352
336
86353
86354
86355
86356
86357
86358
86359
143712
57696
143713
57697
143714
57698
143715
57699
57700
182640
115056
29040
182641
115057
29041
182642
115058
29042
115059
29043
115060
86400
18816
86401
86402
86403
86404
86405
86406
86407
143760
57744
143761
57745
143762
57746
143763
57747
143764
57748
143765
57749
57750
57751
182688
115104
29088
115105
29089
115106
115107
115108
172464
86448
18864
172465
86449
18865
86450
86451
86452
143808
57792
143809
57793
143810
57794
143811
57795
143812
57796
143813
57797
143814
143815
115152
115153
115154
115155
115156
115157
115158
115159
172512
86496
18912
172513
86497
18913
172514
86498
18914
172515
86499
18915
86500
143856
57840
143857
57841
143858
57842
143859
57843
143860
115200
115201
115202
115203
115204
115205
115206
115207
172560
86544
18960
172561
86545
18961
172562
86546
18962
172563
86547
18963
172564
86548
18964
172565
86549
18965
86550
86551
143904
57888
143905
57889
143906
143907
143908
115248
47664
115249
47665
115250
115251
115252
172608
86592
19008
172609
86593
19009
172610
86594
19010
172611
86595
19011
172612
86596
19012
172613
86597
19013
172614
19014
172615
19015
143952
143953
143954
143955
143956
143957
143958
143959
115296
47712
115297
47713
115298
47714
115299
47715
115300
172656
86640
19056
172657
86641
19057
172658
86642
19058
172659
86643
19059
172660
19060
144000
144001
144002
144003
144004
144005
144006
144007
115344
47760
115345
47761
115346
47762
115347
47763
115348
47764
115349
47765
115350
115351
172704
86688
19104
172705
86689
19105
172706
19106
172707
19107
172708
19108
144048
76464
144049
76465
144050
144051
144052
115392
47808
115393
47809
115394
47810
115395
47811
115396
47812
115397
47813
47814
47815
172752
19152
172753
19153
172754
19154
172755
19155
172756
19156
172757
19157
172758
19158
172759
19159
144096
76512
144097
76513
144098
76514
144099
76515
144100
115440
47856
115441
47857
115442
47858
115443
47859
47860
172800
19200
172801
19201
172802
19202
172803
19203
172804
19204
172805
19205
172806
19206
172807
19207
144144
76560
144145
76561
144146
76562
144147
76563
144148
76564
144149
76565
144150
144151
115488
47904
115489
47905
47906
47907
47908
172848
105264
19248
172849
105265
19249
172850
19250
172851
19251
172852
19252
144192
76608
144193
76609
144194
76610
144195
76611
144196
76612
144197
76613
76614
76615
47952
47953
47954
47955
47956
47957
47958
47959
172896
105312
19296
172897
105313
19297
172898
105314
19298
172899
105315
19299
172900
19300
144240
76656
144241
76657
144242
76658
144243
76659
76660
48000
48001
48002
48003
48004
48005
48006
48007
172944
105360
19344
172945
105361
19345
172946
105362
19346
172947
105363
19347
172948
105364
19348
172949
105365
19349
172950
19350
172951
19351
144288
76704
144289
76705
76706
76707
76708
134064
48048
134065
48049
48050
48051
48052
172992
105408
19392
172993
105409
19393
172994
105410
19394
172995
105411
19395
172996
105412
19396
172997
105413
19397
105414
105415
76752
76753
76754
76755
76756
76757
76758
76759
134112
48096
134113
48097
134114
48098
134115
48099
48100
173040
105456
19440
173041
105457
19441
173042
105458
19442
173043
105459
19443
105460
76800
9216
76801
76802
76803
76804
76805
76806
76807
134160
48144
134161
48145
134162
48146
134163
48147
134164
48148
134165
48149
48150
48151
173088
105504
19488
105505
19489
105506
105507
105508
162864
76848
9264
162865
76849
9265
76850
9266
76851
76852
134208
48192
134209
48193
134210
48194
134211
48195
134212
48196
134213
48197
134214
134215
105552
19536
105553
105554
105555
105556
105557
105558
105559
162912
76896
9312
162913
76897
9313
162914
76898
9314
162915
76899
9315
76900
134256
48240
134257
48241
134258
48242
134259
48243
134260
105600
105601
105602
105603
105604
105605
105606
105607
162960
76944
9360
162961
76945
9361
162962
76946
9362
162963
76947
9363
162964
76948
9364
162965
76949
9365
76950
76951
134304
48288
134305
48289
134306
134307
134308
191664
105648
38064
105649
38065
105650
105651
105652
163008
76992
9408
163009
76993
9409
163010
76994
9410
163011
76995
9411
163012
76996
9412
163013
76997
9413
163014
9414
163015
9415
134352
134353
134354
134355
134356
134357
134358
134359
191712
105696
38112
191713
105697
38113
191714
105698
38114
105699
38115
105700
163056
77040
9456
163057
77041
9457
163058
77042
9458
163059
77043
9459
163060
9460
134400
134401
134402
134403
134404
134405
134406
134407
191760
105744
38160
191761
105745
38161
191762
105746
38162
191763
105747
38163
191764
105748
38164
105749
38165
105750
105751
163104
77088
9504
163105
77089
9505
163106
9506
163107
9507
163108
9508
134448
66864
134449
66865
134450
134451
134452
191808
105792
38208
191809
105793
38209
191810
105794
38210
191811
105795
38211
191812
105796
38212
191813
105797
38213
191814
38214
191815
38215
163152
9552
163153
9553
163154
9554
163155
9555
163156
9556
163157
9557
163158
9558
163159
9559
134496
66912
134497
66913
134498
66914
134499
66915
134500
191856
105840
38256
191857
105841
38257
191858
105842
38258
191859
105843
38259
191860
38260
163200
9600
163201
9601
163202
9602
163203
9603
163204
9604
163205
9605
163206
9606
163207
9607
134544
66960
134545
66961
134546
66962
134547
66963
134548
66964
134549
66965
134550
134551
191904
105888
38304
191905
105889
38305
191906
38306
191907
38307
191908
38308
163248
95664
9648
163249
95665
9649
163250
9650
163251
9651
163252
9652
134592
67008
134593
67009
134594
67010
134595
67011
134596
67012
134597
67013
67014
67015
191952
38352
191953
38353
191954
38354
191955
38355
191956
38356
191957
38357
191958
38358
191959
38359
163296
95712
9696
163297
95713
9697
163298
95714
9698
163299
95715
9699
163300
9700
134640
67056
134641
67057
134642
67058
134643
67059
67060
38400
38401
38402
38403
38404
38405
38406
38407
163344
95760
9744
163345
95761
9745
163346
95762
9746
163347
95763
9747
163348
95764
9748
163349
95765
9749
163350
9750
163351
9751
134688
67104
134689
67105
67106
67107
67108
124464
38448
124465
38449
38450
38451
38452
163392
95808
9792
163393
95809
9793
163394
95810
9794
163395
95811
9795
163396
95812
9796
163397
95813
9797
95814
95815
67152
67153
67154
67155
67156
67157
67158
67159
124512
38496
124513
38497
124514
38498
124515
38499
38500
163440
95856
9840
163441
95857
9841
163442
95858
9842
163443
95859
9843
95860
67200
67201
67202
67203
67204
67205
67206
67207
124560
38544
124561
38545
124562
38546
124563
38547
124564
38548
124565
38549
38550
38551
163488
95904
9888
163489
95905
9889
95906
95907
95908
153264
67248
153265
67249
67250
67251
67252
124608
38592
124609
38593
124610
38594
124611
38595
124612
38596
124613
38597
124614
124615
95952
9936
95953
95954
95955
95956
95957
95958
95959
153312
67296
153313
67297
153314
67298
153315
67299
67300
124656
38640
124657
38641
124658
38642
124659
38643
124660
96000
28416
96001
96002
96003
96004
96005
96006
96007
153360
67344
153361
67345
153362
67346
153363
67347
153364
67348
153365
67349
67350
67351
124704
38688
124705
38689
124706
124707
124708
182064
96048
28464
96049
28465
96050
96051
96052
153408
67392
153409
67393
153410
67394
153411
67395
153412
67396
153413
67397
153414
153415
124752
124753
124754
124755
124756
124757
124758
124759
182112
96096
28512
182113
96097
28513
182114
96098
28514
182115
96099
28515
96100
153456
67440
153457
67441
153458
67442
153459
67443
153460
124800
124801
124802
124803
124804
124805
124806
124807
182160
96144
28560
182161
96145
28561
182162
96146
28562
182163
96147
28563
182164
96148
28564
182165
96149
28565
96150
96151
153504
67488
153505
67489
153506
153507
153508
124848
57264
124849
57265
124850
124851
124852
182208
96192
28608
182209
96193
28609
182210
96194
28610
182211
96195
28611
182212
96196
28612
182213
96197
28613
182214
28614
182215
28615
153552
153553
153554
153555
153556
153557
153558
153559
124896
57312
124897
57313
124898
57314
124899
57315
124900
182256
96240
28656
182257
96241
28657
182258
96242
28658
182259
96243
28659
182260
28660
)


// ************************************************************************* //
