/*--------------------------------*- C++ -*----------------------------------*\
| =========                 |                                                 |
| \\      /  F ield         | OpenFOAM: The Open Source CFD Toolbox           |
|  \\    /   O peration     | Version:                                        |
|   \\  /    A nd           | Website:  www.openfoam.com                      |
|    \\/     M anipulation  |                                                 |
\*---------------------------------------------------------------------------*/
FoamFile
{
    version     2.0;
    format      ascii;
    class       faceSet;
    location    "constant/polyMesh/sets";
    object      nonOrthoFaces;
}
// * * * * * * * * * * * * * * * * * * * * * * * * * * * * * * * * * * * * * //


5559
(
319488
319489
319491
319492
319494
262150
262151
319497
262153
262154
319500
262156
262157
319503
262159
262160
262162
262163
262165
262166
262168
262169
262171
262172
262174
262175
262177
262178
262180
262181
262183
204839
262184
204840
262186
204842
262187
204843
262189
204845
262190
204846
262192
204848
262193
204849
262195
204851
262196
204852
204854
204855
204857
204858
204860
204861
204863
204864
204866
204867
204869
204870
204872
147528
204873
147529
204875
147531
204876
147532
204878
147534
204879
147535
204881
147537
204882
147538
204884
147540
204885
147541
204887
147543
204888
147544
147546
147547
147549
147550
147552
147553
147555
147556
147558
147559
147561
90217
147562
147564
147565
90221
147567
147568
90224
147570
147571
90227
147573
147574
90230
147576
147577
90233
147580
90236
90239
90242
90245
90248
90251
90254
144
90257
90260
262293
262294
90263
262296
262297
90266
262299
262300
262302
262303
262305
262306
262308
262309
262311
262312
262314
262315
262317
262318
262320
262321
262323
262324
262326
204982
262327
204983
262329
204985
204986
262332
204988
204989
262335
204991
204992
262338
204994
204995
204997
204998
205000
205001
205003
205004
205006
205007
205009
205010
205012
205013
205015
147671
205016
147672
205018
147674
205019
147675
205021
147677
205022
147678
205024
147680
205025
147681
205027
147683
205028
147684
205030
147686
205031
147687
147689
147690
147692
147693
147695
147696
147698
147699
147701
147702
147704
90360
147705
90361
147707
90363
147708
90364
147710
90366
147711
90367
147713
90369
147714
90370
147716
90372
147717
90373
147719
90375
147720
90376
90378
147723
90379
90381
90382
90384
90385
90387
90388
90390
90391
90393
33049
90394
90396
90397
33053
90399
90400
33056
90402
90403
33059
90405
90406
33062
90408
90409
33065
90411
90412
33068
33071
33074
33077
33080
33083
33086
33089
33092
205125
205126
33095
205128
205129
33098
205131
205132
33101
205134
205135
205137
205138
205140
205141
205143
205144
205146
205147
205149
205150
205152
205153
205155
205156
205158
147814
205159
147815
205161
147817
205162
147818
205164
147820
147821
205167
147823
147824
205170
147826
147827
205173
147829
147830
147832
147833
147835
147836
147838
147839
147841
147842
147844
147845
147847
90503
147848
90504
147850
90506
147851
90507
147853
90509
147854
90510
147856
90512
147857
90513
147859
90515
147860
90516
147862
90518
147863
90519
90521
147866
90522
90524
90525
90527
90528
90530
90531
90533
90534
90536
33192
90537
33193
90539
33195
90540
33196
90542
33198
90543
33199
90545
33201
90546
33202
90548
33204
90549
33205
90551
33207
90552
33208
90554
33210
90555
33211
33213
33214
33216
33217
33219
33220
33222
33223
33225
33226
33228
33229
33231
33232
33234
33235
33237
33238
33240
33241
33243
33244
33246
33247
147957
147958
147960
147961
147963
147964
147966
147967
147969
147970
147972
147973
147975
147976
147978
147979
147981
147982
147984
147985
147987
147988
147990
90646
147991
90647
147993
90649
147994
90650
147996
90652
147997
90653
147999
90655
90656
148002
90658
90659
148005
90661
90662
90664
90665
90667
90668
90670
90671
90673
90674
90676
90677
90679
33335
90680
33336
90682
33338
90683
33339
90685
33341
90686
33342
90688
33344
90689
33345
90691
33347
90692
33348
90694
33350
90695
33351
90697
33353
90698
33354
33356
90701
33357
33359
33360
33362
33363
33365
33366
33368
33369
33371
33372
33374
33375
33377
33378
33380
33381
33383
33384
33386
33387
33389
33390
90789
90790
90792
90793
90795
90796
90798
90799
90801
90802
90804
90805
90807
90808
90810
90811
90813
90814
90816
90817
90819
90820
90822
33478
90823
33479
90825
33481
90826
33482
90828
33484
90829
33485
90831
33487
90832
33488
90834
33490
33491
90837
33493
33494
90840
33496
33497
33499
33500
33502
33503
33505
33506
33508
33509
33511
33512
33514
33515
33517
33518
33520
33521
33523
33524
33526
33527
33529
33530
33532
33533
33621
33622
33624
33625
33627
33628
33630
33631
33633
33634
33636
33637
33639
33640
33642
33643
33645
33646
33648
33649
33651
33652
33654
33655
33657
33658
33660
33661
33663
33664
33666
33667
33669
33672
33675
509270
509273
509276
509279
509282
509285
509288
509291
509294
509412
509413
509415
509416
509418
509419
509421
509422
509424
509425
509427
509428
509430
509431
509433
509434
509436
509437
509439
509440
509442
509443
509445
509446
452102
509448
509449
452105
509451
509452
452108
452111
452114
452117
558614
558616
452120
558618
452123
558620
558622
452126
558624
452129
558626
558628
509555
558708
509556
558709
558710
509558
558711
509559
558712
558713
509561
558714
509562
558715
558716
509564
558717
509565
558718
558719
509567
558720
509568
558721
558722
509570
558723
509571
558724
558725
509573
558726
509574
558727
558728
509576
558729
509577
558730
558731
509579
558732
509580
558733
509582
509583
509585
509586
509588
452244
509589
452245
509591
452247
509592
452248
452250
509595
452251
452253
452254
452256
452257
452259
452260
452262
452263
452265
452266
452268
452269
452271
452272
452274
452275
452277
452278
394934
452280
452281
394937
452283
452284
394940
394943
394946
394949
394952
394955
394958
394961
558803
558804
394964
558805
558806
558807
558808
558809
558810
558811
558812
558813
558814
558815
558816
558817
558818
558819
558820
558821
558822
558823
558824
558825
558826
558827
558828
509698
509699
509701
509702
509704
509705
509707
509708
509710
509711
509713
509714
509716
509717
509719
509720
509722
509723
509725
509726
509728
509729
509731
452387
509732
452388
509734
452390
509735
452391
452393
509738
452394
452396
452397
452399
452400
558898
452402
558899
452403
558900
558901
452405
558902
452406
558903
558904
452408
558905
452409
558906
558907
452411
558908
452412
558909
558910
452414
558911
452415
558912
558913
452417
558914
452418
558915
558916
452420
395076
558917
452421
395077
558918
558919
452423
395079
558920
452424
395080
558921
558922
452426
395082
558923
452427
395083
395085
395086
395088
395089
395091
395092
395094
395095
395097
395098
395100
395101
395103
395104
395106
395107
395109
395110
337766
395112
395113
337769
395115
395116
337772
395118
395119
337775
337778
337781
337784
337787
337790
337793
337796
558993
509841
558994
509842
558995
558996
509844
558997
509845
558998
558999
509847
559000
509848
559001
559002
509850
559003
509851
559004
559005
509853
559006
509854
559007
559008
509856
559009
509857
559010
559011
509859
559012
509860
559013
559014
509862
559015
509863
559017
509865
509866
509868
509869
509871
509872
509874
452530
452531
509877
452533
452534
452536
452537
452539
452540
452542
452543
452545
452546
452548
452549
452551
452552
452554
452555
452557
452558
452560
452561
452563
395219
452564
395220
452566
395222
452567
395223
452569
395225
452570
395226
395228
395229
395231
395232
395234
395235
395237
395238
395240
395241
395243
395244
395246
395247
395249
395250
395252
337908
395253
337909
395255
337911
395256
337912
395258
337914
395259
337915
337917
395262
337918
337920
337921
337923
337924
337926
337927
337929
337930
337932
337933
337935
337936
337938
337939
337941
337942
280598
337944
337945
280601
337947
337948
280604
337950
337951
280607
280610
280613
280616
280619
280622
280625
280628
280631
452673
452674
452676
452677
452679
452680
452682
452683
452685
452686
452688
452689
452691
452692
452694
452695
452697
452698
452700
452701
452703
452704
452706
395362
452707
395363
452709
395365
395366
452712
395368
395369
395371
395372
395374
395375
395377
395378
395380
395381
395383
395384
395386
395387
395389
395390
395392
395393
395395
338051
395396
338052
395398
338054
395399
338055
395401
338057
542858
395402
338058
338060
395405
338061
338063
338064
338066
338067
338069
338070
338072
338073
338075
338076
338078
338079
338081
338082
338084
280740
338085
280741
338087
280743
338088
280744
338090
280746
338091
280747
338093
280749
338094
280750
280752
280753
280755
280756
280758
280759
280761
280762
280764
280765
280767
280768
280770
280771
280773
280774
223430
280776
280777
223433
280779
280780
223436
280782
280783
223439
280785
280786
223442
223445
223448
223451
223454
223457
223460
223463
223466
395505
395506
395508
395509
395511
395512
395514
395515
395517
395518
395520
395521
395523
395524
395526
395527
395529
395530
395532
395533
395535
395536
395538
338194
395539
338195
395541
338197
395542
338198
395544
338200
338201
338203
338204
338206
338207
338209
338210
338212
338213
338215
338216
338218
338219
338221
338222
338224
338225
338227
280883
338228
280884
338230
280886
338231
280887
338233
280889
485690
338234
280890
338236
280892
338237
280893
280895
280896
280898
280899
280901
280902
280904
280905
280907
280908
280910
280911
280913
280914
280916
223572
280917
223573
280919
223575
280920
223576
280922
223578
280923
223579
280925
223581
280926
223582
280928
223584
280929
223585
223587
223588
223590
223591
223593
223594
223596
223597
223599
223600
223602
223603
223605
223606
166262
223608
223609
166265
223611
223612
166268
223614
223615
166271
223617
223618
166274
223621
166277
166280
166283
166286
166289
166292
166295
166298
166301
338337
338338
338340
338341
338343
338344
338346
338347
338349
338350
338352
338353
338355
338356
338358
338359
338361
338362
338364
338365
338367
338368
338370
281026
338371
281027
338373
281029
338374
281030
338376
281032
281033
338379
281035
281036
281038
281039
281041
281042
281044
281045
281047
543192
281048
281050
281051
281053
281054
281056
281057
281059
223715
281060
223716
281062
223718
281063
223719
281065
223721
428522
281066
223722
281068
223724
281069
223725
281071
223727
281072
223728
223730
223731
223733
223734
223736
223737
223739
223740
223742
223743
223745
223746
223748
166404
223749
166405
223751
166407
223752
166408
223754
166410
223755
166411
223757
166413
223758
166414
223760
166416
223761
166417
166419
223764
166420
166422
166423
166425
166426
166428
166429
166431
166432
166434
166435
166437
166438
109094
166440
166441
109097
166443
166444
109100
166446
166447
109103
166449
166450
109106
166452
166453
109109
109112
109115
109118
109121
109124
109127
109130
109133
109136
281169
281170
281172
281173
281175
281176
281178
281179
281181
281182
281184
281185
281187
281188
281190
281191
281193
281194
281196
281197
281199
281200
281202
223858
281203
223859
281205
223861
281206
223862
281208
223864
281209
223865
281211
223867
223868
281214
223870
223871
223873
223874
223876
223877
223879
223880
223882
223883
223885
223886
223888
223889
223891
166547
223892
166548
223894
166550
223895
166551
223897
166553
371354
223898
166554
223900
166556
223901
166557
223903
166559
223904
166560
166562
223907
166563
166565
166566
166568
166569
166571
166572
166574
166575
166577
166578
166580
109236
166581
109237
166583
109239
486072
166584
109240
166586
109242
166587
109243
166589
109245
166590
109246
166592
109248
166593
109249
166595
109251
166596
109252
109254
109255
109257
109258
109260
109261
109263
109264
109266
109267
109269
109270
51926
109272
109273
51929
109275
109276
51932
109278
109279
51935
109281
109282
51938
109284
109285
51941
109287
109288
51944
51947
51950
51953
51956
51959
51962
51965
51968
224001
224002
51971
224004
224005
224007
224008
224010
224011
224013
224014
224016
224017
224019
224020
224022
224023
224025
224026
224028
224029
224031
224032
224034
166690
224035
166691
224037
166693
224038
166694
224040
166696
224041
166697
224043
166699
224044
166700
224046
166702
166703
166705
166706
166708
166709
166711
166712
166714
166715
166717
166718
166720
518977
166721
166723
109379
166724
109380
518981
166726
109382
166727
109383
518984
166729
109385
314186
166730
109386
518987
166732
109388
166733
109389
518990
166735
109391
166736
109392
518993
166738
109394
166739
109395
518996
109397
109398
518999
109400
109401
519002
109403
109404
519005
109406
109407
519008
109409
109410
109412
52068
109413
52069
109415
52071
428904
109416
52072
109418
52074
109419
52075
109421
52077
109422
52078
109424
52080
109425
52081
109427
52083
109428
52084
109430
52086
109431
52087
52089
52090
52092
52093
52095
52096
52098
52099
52101
52102
52104
52105
52107
52108
52110
52111
52113
52114
52116
52117
52119
52120
52122
52123
166833
166834
166836
166837
166839
166840
166842
166843
166845
166846
166848
166849
166851
166852
166854
166855
166857
166858
166860
166861
166863
519120
166864
519121
166866
109522
519123
166867
109523
519124
166869
109525
519126
166870
109526
519127
166872
109528
519129
166873
109529
519130
166875
109531
519132
166876
109532
519133
166878
109534
519135
166879
109535
519136
166881
109537
519138
109538
519139
109540
519141
109541
519142
109543
519144
109544
519145
109546
519147
109547
519148
109549
519150
109550
519151
109552
519153
461809
109553
519154
109555
52211
519156
109556
52212
519157
461813
109558
52214
109559
52215
519160
461816
109561
52217
257018
109562
52218
461819
109564
52220
109565
52221
461822
109567
52223
109568
52224
461825
109570
52226
109571
52227
461828
109573
52229
109574
52230
461831
52232
52233
461834
52235
52236
461837
52238
52239
461840
52241
52242
461843
52244
52245
52247
371736
52248
52250
52251
52253
52254
52256
52257
52259
52260
52262
52263
52265
52266
519263
519264
109665
519266
109666
519267
109668
519269
109669
519270
109671
519272
109672
519273
109674
519275
109675
519276
109677
519278
109678
519279
109680
519281
109681
519282
109683
519284
109684
519285
109686
519287
109687
519288
109689
519290
109690
519291
109692
519293
109693
519294
109695
519296
461952
109696
519297
461953
109698
52354
519299
461955
109699
52355
519300
461956
109701
52357
461958
109702
52358
519303
461959
109704
52360
461961
109705
52361
461962
109707
52363
461964
109708
52364
461965
109710
52366
461967
109711
52367
461968
109713
52369
461970
109714
52370
461971
109716
52372
461973
52373
461974
52375
461976
52376
461977
52378
461979
52379
461980
52381
461982
52382
461983
52384
461985
404641
52385
461986
52387
461988
52388
461989
404645
52390
461991
52391
461992
404648
52393
199850
52394
404651
52396
52397
404654
52399
52400
404657
52402
52403
404660
52405
52406
404663
52409
404666
404669
404672
404675
314568
519406
519407
519409
519410
519412
519413
519415
519416
519418
519419
519421
519422
519424
519425
519427
519428
519430
519431
519433
519434
519436
519437
519439
462095
519440
462096
52497
519442
462098
52498
519443
462099
52500
462101
52501
519446
462102
52503
462104
52504
462105
52506
462107
52507
462108
52509
462110
52510
462111
52512
462113
52513
462114
52515
462116
52516
462117
52518
462119
52519
462120
52521
462122
52522
462123
52524
462125
52525
462126
52527
462128
404784
52528
462129
404785
52530
462131
404787
52531
462132
404788
52533
462134
404790
52534
462135
404791
52536
404793
52537
404794
52539
404796
52540
404797
52542
404799
52543
404800
52545
404802
52546
404803
52548
404805
52549
404806
404808
404809
404811
404812
404814
404815
404817
347473
404818
404820
404821
347477
404823
404824
347480
142682
404827
347483
347486
347489
347492
347495
347498
347501
347504
347507
347510
257400
519549
519550
519552
519553
519555
519556
519558
519559
519561
519562
519564
519565
519567
519568
519570
519571
519573
519574
519576
519579
519582
462238
462239
519585
462241
462242
519588
462244
462245
462247
462248
462250
462251
462253
462254
462256
462257
462259
462260
462262
462263
462265
462266
462268
462269
462271
404927
462272
404928
462274
404930
462275
404931
462277
404933
462278
404934
404936
404937
404939
404940
404942
404943
404945
404946
404948
404949
404951
404952
404954
404955
404957
404958
404960
347616
404961
347617
404963
347619
404964
347620
404966
347622
404967
347623
347625
404970
347626
347628
347629
347631
347632
347634
347635
347637
347638
347640
347641
347643
347644
347646
347647
347649
290305
347650
347652
347653
290309
347655
347656
290312
347658
85514
347659
290315
290318
290321
290324
290327
290330
290333
290336
290339
290342
200232
290345
462381
462382
462384
462385
462387
462388
462390
462391
462393
462394
462396
462397
462399
462400
462402
462403
462405
462406
462408
462411
462414
405070
405071
462417
405073
405074
462420
405076
405077
405079
405080
405082
405083
405085
405086
405088
405089
405091
405092
405094
405095
405097
405098
405100
405101
405103
347759
405104
347760
405106
347762
405107
347763
405109
347765
405110
347766
347768
405113
347769
347771
347772
347774
347775
347777
347778
347780
347781
347783
347784
347786
347787
347789
347790
347792
290448
347793
290449
347795
290451
347796
290452
347798
290454
347799
290455
347801
290457
347802
290458
290460
290461
290463
290464
290466
290467
290469
290470
290472
290473
290475
290476
290478
290479
290481
233137
290482
290484
290485
233141
290487
290488
233144
290490
28346
290491
233147
290493
290494
233150
233153
233156
233159
233162
233165
233168
233171
233174
143064
233177
233180
405213
405214
405216
405217
405219
405220
405222
405223
405225
405226
405228
405229
405231
405232
405234
405235
405237
405238
405240
405241
405243
405246
347902
347903
405249
347905
347906
405252
347908
347909
405255
347911
347912
347914
347915
347917
347918
347920
347921
347923
347924
347926
347927
347929
347930
347932
347933
347935
290591
347936
290592
347938
290594
347939
290595
347941
290597
347942
290598
347944
290600
347945
290601
290603
290604
290606
290607
290609
290610
290612
290613
290615
290616
290618
290619
290621
290622
290624
233280
290625
233281
290627
233283
290628
233284
290630
233286
290631
233287
290633
233289
290634
233290
290636
233292
290637
233293
233295
233296
233298
233299
233301
233302
233304
233305
233307
233308
233310
233311
233313
175969
233314
233316
233317
175973
233319
233320
175976
233322
233323
175979
233325
233326
175982
233329
175985
175988
175991
175994
175997
176000
176003
176006
85896
176009
176012
348045
348046
348048
348049
348051
348052
348054
348055
348057
348058
348060
348061
348063
348064
348066
348067
348069
348070
348072
348073
348075
348076
348078
290734
290735
348081
290737
290738
348084
290740
290741
348087
290743
290744
290746
290747
290749
290750
290752
290753
290755
290756
290758
290759
290761
290762
290764
290765
290767
233423
290768
233424
290770
233426
290771
233427
290773
233429
290774
233430
290776
233432
290777
233433
290779
233435
290780
233436
233438
233439
233441
233442
233444
233445
233447
233448
233450
233451
233453
233454
233456
176112
233457
176113
233459
176115
233460
176116
233462
176118
233463
176119
233465
176121
233466
176122
233468
176124
233469
176125
176127
233472
176128
176130
176131
176133
176134
176136
176137
176139
176140
176142
176143
176145
118801
176146
176148
176149
118805
176151
176152
118808
176154
176155
118811
176157
176158
118814
176160
176161
118817
118820
118823
118826
118829
118832
118835
118838
28728
118841
118844
290877
290878
118847
290880
290881
290883
290884
290886
290887
290889
290890
290892
290893
290895
290896
290898
290899
290901
290902
290904
290905
290907
290908
290910
233566
290911
233567
290913
233569
233570
290916
233572
233573
290919
233575
233576
290922
233578
233579
233581
233582
233584
233585
233587
233588
233590
233591
233593
233594
233596
233597
233599
176255
233600
176256
233602
176258
233603
176259
233605
176261
233606
176262
233608
176264
233609
176265
233611
176267
233612
176268
176270
233615
176271
176273
176274
176276
176277
176279
176280
176282
176283
176285
176286
176288
118944
176289
118945
176291
118947
176292
118948
176294
118950
176295
118951
176297
118953
176298
118954
176300
118956
176301
118957
176303
118959
176304
118960
118962
118963
118965
118966
118968
118969
118971
118972
118974
118975
118977
61633
118978
118980
118981
61637
118983
118984
61640
118986
118987
61643
118989
118990
61646
118992
118993
61649
118995
118996
61652
61655
61658
61661
61664
61667
61670
61673
61676
233709
233710
61679
233712
233713
61682
233715
233716
233718
233719
233721
233722
233724
233725
233727
233728
233730
233731
233733
233734
233736
233737
233739
233740
233742
176398
233743
176399
233745
176401
233746
176402
233748
176404
176405
233751
176407
176408
233754
176410
176411
176413
176414
176416
176417
176419
176420
176422
176423
176425
176426
176428
176429
176431
119087
176432
119088
176434
119090
176435
119091
176437
119093
176438
119094
176440
119096
176441
119097
176443
119099
176444
119100
176446
119102
176447
119103
119105
119106
119108
119109
119111
119112
119114
119115
119117
119118
119120
61776
119121
61777
119123
61779
119124
61780
119126
61782
119127
61783
119129
61785
119130
61786
119132
61788
119133
61789
119135
61791
119136
61792
119138
61794
119139
61795
61797
61798
61800
61801
61803
61804
61806
61807
61809
4465
61810
61812
61813
4469
61815
61816
4472
61818
61819
4475
61821
61822
4478
61824
61825
4481
61827
61828
4484
61831
4487
4490
4493
4496
4499
4502
4505
4508
176541
176542
4511
176544
176545
4514
176547
176548
4517
176550
176551
176553
176554
176556
176557
176559
176560
176562
176563
176565
176566
176568
176569
176571
176572
176574
119230
176575
119231
176577
119233
176578
119234
176580
119236
119237
176583
119239
119240
176586
119242
119243
176589
119245
119246
119248
119249
119251
119252
119254
119255
119257
119258
119260
119261
119263
61919
119264
61920
119266
61922
119267
61923
119269
61925
119270
61926
119272
61928
119273
61929
119275
61931
119276
61932
119278
61934
119279
61935
119281
61937
119282
61938
61940
61941
61943
61944
61946
61947
61949
61950
61952
4608
61953
4609
61955
4611
61956
4612
61958
4614
61959
4615
61961
4617
61962
4618
61964
4620
61965
4621
61967
4623
61968
4624
61970
4626
61971
4627
4629
61974
4630
4632
4633
4635
4636
4638
4639
4641
4642
4644
4645
4647
4648
4650
4651
4653
4654
4656
4657
4659
4660
4662
4663
4666
119373
119374
119376
119377
119379
119380
119382
119383
119385
119386
119388
119389
119391
119392
119394
119395
119397
119398
119400
119401
119403
119404
119406
62062
119407
62063
119409
62065
119410
62066
119412
62068
119413
62069
119415
62071
62072
119418
62074
62075
119421
62077
62078
119424
62080
62081
62083
62084
62086
62087
62089
62090
62092
62093
62095
4751
62096
4752
62098
4754
62099
4755
62101
4757
62102
4758
62104
4760
62105
4761
62107
4763
62108
4764
62110
4766
62111
4767
62113
4769
62114
4770
4772
62117
4773
4775
4776
4778
4779
4781
4782
4784
4785
4787
4788
4790
4791
4793
4794
4796
4797
4799
4800
4802
4803
4805
4806
4809
62205
62206
62208
62209
62211
62212
62214
62215
62217
62218
62220
62221
62223
62224
561938
62226
62227
62229
62230
62232
62233
62235
62236
62238
4894
62239
4895
62241
4897
62242
4898
62244
4900
62245
4901
62247
4903
62248
4904
62250
4906
4907
62253
4909
4910
62256
4912
4913
4915
4916
4918
4919
4921
4922
4924
4925
4927
4928
4930
4931
4933
4934
4936
4937
4939
4940
4942
4943
4945
4946
4948
4949
4952
5037
5038
5040
5041
5043
5044
5046
5047
5049
5050
5052
5053
5055
5056
5058
5059
5061
5062
5064
5065
5067
5068
5070
5071
5073
5074
5076
5077
5079
5080
5082
5083
5085
5088
5091
537854
537857
537860
537863
537866
537869
537872
537875
537878
546073
546076
546078
546080
546082
546084
546086
546088
546090
546092
546094
546168
546169
546170
546171
546172
546173
546174
546175
546176
546177
546178
546179
546180
546181
546182
546183
546184
546185
546186
546187
546188
537996
546189
537997
546190
546191
537999
546192
538000
546193
538002
546195
538003
538005
538006
538008
538009
538011
538012
538014
538015
538017
538018
538020
538021
538023
538024
538026
538027
538029
538030
480686
538032
538033
480689
538036
480692
480695
480698
480701
480704
480707
480710
546263
546264
546265
546266
546267
546268
546269
546270
546271
546272
546273
546274
546275
546276
546277
546278
546279
546280
546281
546282
546283
546284
546285
546286
546287
546288
546290
538139
538140
538142
538143
538145
538146
538148
538149
538151
538152
538154
538155
538157
538158
538160
538161
538163
538164
546358
538166
546359
538167
546360
546361
538169
546362
538170
546363
546364
538172
480828
546365
538173
480829
546366
546367
538175
480831
546368
538176
480832
546369
546370
480834
546371
538179
480835
546372
546373
480837
546374
480838
546375
546376
480840
546377
480841
546378
546379
480843
546380
480844
546381
546382
480846
546383
480847
546385
480849
480850
480852
480853
480855
480856
480858
480859
480861
480862
423518
480864
480865
423521
480867
480868
423524
423527
423530
423533
423536
423539
423542
423545
546453
546454
546455
546456
546457
546458
546459
546460
546461
546462
546463
546464
546465
546466
546467
546468
546469
546471
546473
538282
546475
538283
546477
538285
538286
538288
538289
538291
538292
538294
538295
538297
538298
538300
538301
538303
538304
538306
538307
538309
538310
538312
538313
538315
480971
538316
480972
538318
480974
538319
480975
480977
538322
480978
480980
480981
480983
480984
480986
480987
480989
480990
480992
480993
480995
480996
480998
480999
481001
481002
481004
423660
481005
423661
481007
423663
481008
423664
481010
423666
481011
423667
423669
423670
423672
423673
423675
423676
423678
423679
423681
423682
423684
423685
423687
423688
423690
423691
423693
423694
366350
423696
423697
366353
423699
423700
366356
423703
366359
366362
366365
366368
366371
366374
366377
366380
538425
538426
538428
538429
538431
538432
538434
538435
538437
538438
538440
538441
538443
538444
538446
538447
538449
538450
538452
538453
538455
538456
538458
481114
481115
538461
481117
481118
481120
481121
481123
481124
481126
481127
481129
481130
481132
481133
481135
481136
481138
481139
481141
481142
481144
481145
481147
423803
481148
423804
481150
423806
481151
423807
481153
423809
481154
423810
423812
423813
423815
423816
423818
423819
423821
423822
423824
423825
423827
423828
423830
423831
423833
423834
423836
366492
423837
366493
423839
366495
423840
366496
423842
366498
423843
366499
366501
423846
366502
366504
366505
366507
366508
366510
366511
366513
366514
366516
366517
366519
366520
366522
366523
366525
366526
309182
366528
366529
309185
366531
366532
309188
366534
366535
309191
309194
309197
309200
309203
309206
309209
309212
309215
481257
481258
481260
481261
481263
481264
481266
481267
481269
481270
481272
481273
481275
481276
481278
481279
481281
481282
481284
481285
481287
481288
481290
423946
481291
423947
481293
423949
423950
481296
423952
423953
423955
423956
423958
423959
423961
423962
423964
423965
423967
423968
423970
423971
423973
423974
423976
423977
423979
366635
423980
366636
423982
366638
423983
366639
423985
366641
423986
366642
366644
423989
366645
366647
366648
366650
366651
366653
366654
366656
366657
366659
366660
366662
366663
366665
366666
366668
309324
366669
309325
366671
309327
366672
309328
366674
309330
366675
309331
366677
309333
366678
309334
309336
309337
309339
309340
309342
309343
309345
309346
309348
309349
309351
309352
309354
309355
309357
309358
252014
309360
309361
252017
309363
309364
252020
309366
309367
252023
309370
252026
252029
252032
252035
252038
252041
252044
252047
252050
424089
424090
424092
424093
424095
424096
424098
424099
424101
424102
424104
424105
424107
424108
424110
424111
424113
424114
424116
424117
424119
424120
424122
366778
424123
366779
424125
366781
366782
424128
366784
366785
366787
366788
366790
366791
366793
366794
366796
366797
366799
366800
366802
366803
366805
366806
366808
366809
366811
309467
366812
309468
366814
309470
366815
309471
366817
309473
514274
366818
309474
366820
309476
366821
309477
309479
309480
309482
309483
309485
309486
309488
309489
309491
309492
309494
309495
309497
309498
309500
252156
309501
252157
309503
252159
309504
252160
309506
252162
309507
252163
309509
252165
309510
252166
252168
309513
252169
252171
252172
252174
252175
252177
252178
252180
252181
252183
252184
252186
252187
252189
252190
194846
252192
252193
194849
252195
252196
194852
252198
252199
194855
252201
252202
194858
194861
194864
194867
194870
194873
194876
194879
194882
194885
366921
366922
366924
366925
366927
366928
366930
366931
366933
366934
366936
366937
366939
366940
366942
366943
366945
366946
366948
366949
366951
366952
366954
309610
366955
309611
366957
309613
366958
309614
366960
309616
309617
366963
309619
309620
309622
309623
309625
309626
309628
309629
309631
309632
309634
309635
309637
309638
309640
309641
309643
252299
309644
252300
309646
252302
309647
252303
309649
252305
457106
309650
252306
309652
252308
309653
252309
252311
309656
252312
252314
252315
252317
252318
252320
252321
252323
252324
252326
252327
252329
252330
252332
194988
252333
194989
252335
194991
252336
194992
252338
194994
252339
194995
252341
194997
252342
194998
252344
195000
252345
195001
195003
195004
195006
195007
195009
195010
195012
195013
195015
195016
195018
195019
195021
195022
137678
195024
195025
137681
195027
195028
137684
195030
195031
137687
195033
195034
137690
195036
195037
137693
137696
137699
137702
137705
137708
137711
137714
137717
309753
309754
309756
309757
309759
309760
309762
309763
309765
309766
309768
309769
309771
309772
309774
309775
309777
309778
309780
309781
309783
309784
309786
252442
309787
252443
309789
252445
309790
252446
309792
252448
309793
252449
309795
252451
252452
252454
252455
252457
252458
252460
252461
252463
252464
252466
252467
252469
252470
252472
252473
252475
195131
252476
195132
252478
195134
252479
195135
252481
195137
399938
252482
195138
252484
195140
252485
195141
252487
195143
252488
195144
195146
195147
195149
195150
195152
195153
195155
195156
195158
195159
195161
195162
195164
137820
195165
137821
195167
137823
514656
195168
137824
195170
137826
195171
137827
195173
137829
195174
137830
195176
137832
195177
137833
195179
137835
195180
137836
137838
137839
137841
137842
137844
137845
137847
137848
137850
137851
137853
137854
80510
137856
137857
80513
137859
137860
80516
137862
137863
80519
137865
137866
80522
137868
137869
80525
137872
80528
80531
80534
80537
80540
80543
80546
80549
80552
252585
252586
252588
252589
252591
252592
252594
252595
252597
252598
252600
252601
252603
252604
252606
252607
252609
252610
252612
252613
252615
252616
252618
195274
252619
195275
252621
195277
252622
195278
252624
195280
252625
195281
252627
195283
252628
195284
252630
195286
195287
195289
195290
195292
195293
195295
195296
195298
195299
195301
195302
195304
195305
195307
137963
195308
137964
195310
137966
195311
137967
195313
137969
342770
195314
137970
195316
137972
195317
137973
195319
137975
195320
137976
195322
137978
195323
137979
137981
137982
137984
137985
137987
137988
137990
137991
137993
137994
137996
80652
137997
80653
137999
80655
457488
138000
80656
138002
80658
138003
80659
138005
80661
138006
80662
138008
80664
138009
80665
138011
80667
138012
80668
80670
138015
80671
80673
80674
80676
80677
80679
80680
80682
80683
80685
80686
23342
80688
80689
23345
80691
80692
23348
80694
80695
23351
80697
80698
23354
80700
80701
23357
80703
80704
23360
80707
23363
23366
23369
23372
23375
23378
23381
23384
195417
195418
23387
195420
195421
23390
195423
195424
195426
195427
195429
195430
195432
195433
195435
195436
195438
195439
195441
195442
195444
195445
195447
195448
195450
138106
195451
138107
195453
138109
195454
138110
195456
138112
195457
138113
195459
138115
195460
138116
195462
138118
138119
138121
138122
138124
138125
138127
138128
138130
138131
138133
138134
138136
490393
138137
138139
80795
138140
80796
490397
138142
80798
138143
80799
490400
138145
80801
285602
138146
80802
490403
138148
80804
138149
80805
490406
138151
80807
138152
80808
490409
138154
80810
138155
80811
490412
80813
138158
80814
490415
80816
80817
490418
80819
80820
490421
80822
80823
490424
80825
80826
80828
23484
80829
23485
80831
23487
400320
80832
23488
80834
23490
80835
23491
80837
23493
80838
23494
80840
23496
80841
23497
80843
23499
80844
23500
80846
23502
80847
23503
23505
80850
23506
23508
23509
23511
23512
23514
23515
23517
23518
23520
23521
23523
23524
23526
23527
23529
23530
23532
23533
23535
23536
23538
23539
138249
138250
138252
138253
138255
138256
138258
138259
138261
138262
138264
138265
138267
138268
138270
138271
138273
138274
138276
138277
138279
490536
138280
490537
138282
80938
490539
138283
80939
490540
138285
80941
490542
138286
80942
490543
138288
80944
490545
138289
80945
490546
138291
80947
490548
138292
80948
490549
138294
80950
490551
138295
80951
490552
138297
80953
490554
80954
490555
80956
490557
80957
490558
80959
490560
80960
490561
80962
490563
80963
490564
80965
490566
80966
490567
80968
490569
433225
80969
490570
80971
23627
490572
80972
23628
490573
433229
80974
23630
490575
80975
23631
490576
433232
80977
23633
228434
80978
23634
433235
80980
23636
80981
23637
433238
80983
23639
80984
23640
433241
80986
23642
80987
23643
433244
80989
23645
80990
23646
433247
23648
23649
433250
23651
23652
433253
23654
23655
433256
23657
23658
433259
23660
23661
23663
343152
23664
23666
23667
23669
23670
23672
23673
23675
23676
23678
23679
23681
23682
490679
490680
81081
490682
81082
490683
81084
490685
81085
490686
81087
490688
81088
490689
81090
490691
81091
490692
81093
490694
81094
490695
81096
490697
81097
490698
81099
490700
81100
490701
81102
490703
81103
490704
81105
490706
81106
490707
81108
490709
81109
490710
81111
490712
433368
81112
490713
433369
81114
23770
490715
433371
81115
23771
490716
433372
81117
23773
490718
433374
81118
23774
490719
433375
81120
23776
433377
81121
23777
433378
81123
23779
433380
81124
23780
433381
81126
23782
433383
81127
23783
433384
81129
23785
433386
81130
23786
433387
81132
23788
433389
23789
433390
23791
433392
23792
433393
23794
433395
23795
433396
23797
433398
23798
433399
23800
433401
376057
23801
433402
23803
433404
23804
433405
376061
23806
433407
23807
433408
376064
23809
171266
23810
433411
376067
23812
23813
376070
23815
23816
376073
23818
23819
376076
23821
23822
376079
23824
23825
376082
376085
376088
376091
376094
285984
490822
490823
490825
490826
490828
490829
490831
490832
490834
490835
490837
490838
490840
490841
490843
490844
490846
490847
490849
490850
490852
490853
490855
433511
490856
433512
23913
490858
433514
23914
490859
433515
23916
490861
433517
23917
490862
433518
23919
433520
23920
433521
23922
433523
23923
433524
23925
433526
23926
433527
23928
433529
23929
433530
23931
433532
23932
433533
23934
433535
23935
433536
23937
433538
23938
433539
23940
433541
23941
433542
23943
433544
376200
23944
433545
376201
23946
433547
376203
23947
433548
376204
23949
433550
376206
23950
433551
376207
23952
376209
23953
433554
376210
23955
376212
23956
376213
23958
376215
23959
376216
23961
376218
23962
376219
23964
376221
23965
376222
23967
376224
376225
376227
376228
376230
376231
376233
318889
376234
376236
376237
318893
376239
376240
318896
376242
114098
376243
318899
318902
318905
318908
318911
318914
318917
318920
318923
318926
228816
318929
490965
490966
490968
490969
490971
490972
490974
490975
490977
490978
490980
490981
490983
490984
490986
490987
490989
490990
490992
490995
490998
433654
433655
491001
433657
433658
491004
433660
433661
433663
433664
433666
433667
433669
433670
433672
433673
433675
433676
433678
433679
433681
433682
433684
433685
433687
376343
433688
376344
433690
376346
433691
376347
433693
376349
433694
376350
376352
433697
376353
376355
376356
376358
376359
376361
376362
376364
376365
376367
376368
376370
376371
376373
376374
376376
319032
376377
319033
376379
319035
376380
319036
376382
319038
376383
319039
376385
319041
376386
319042
319044
319045
319047
319048
319050
319051
319053
319054
319056
319057
319059
319060
319062
319063
319065
261721
319066
319068
319069
261725
319071
319072
261728
319074
56930
319075
261731
319078
261734
261737
261740
261743
261746
261749
261752
261755
261758
171648
261761
433797
433798
433800
433801
433803
433804
433806
433807
433809
433810
433812
433813
433815
433816
433818
433819
433821
433822
433824
433825
433827
433830
376486
376487
433833
376489
376490
433836
376492
376493
376495
376496
376498
376499
376501
376502
376504
376505
376507
376508
376510
376511
376513
376514
376516
376517
376519
319175
376520
319176
376522
319178
376523
319179
376525
319181
376526
319182
376528
319184
376529
319185
319187
319188
319190
319191
319193
319194
319196
319197
319199
319200
319202
319203
319205
319206
319208
261864
319209
261865
319211
261867
319212
261868
319214
261870
319215
261871
319217
261873
319218
261874
261876
319221
261877
261879
261880
261882
261883
261885
261886
261888
261889
261891
261892
261894
261895
261897
204553
261898
261900
261901
204557
261903
261904
204560
261906
261907
204563
261909
261910
204566
204569
204572
204575
204578
204581
204584
204587
204590
114480
204593
204596
376629
376630
376632
376633
376635
376636
376638
376639
376641
376642
376644
376645
376647
376648
376650
376651
376653
376654
376656
376657
376659
376660
376662
319318
319319
376665
319321
319322
376668
319324
319325
376671
319327
319328
319330
319331
319333
319334
319336
319337
319339
319340
319342
319343
319345
319346
319348
319349
319351
262007
319352
262008
319354
262010
319355
262011
319357
262013
319358
262014
319360
262016
319361
262017
262019
319364
262020
262022
262023
262025
262026
262028
262029
262031
262032
262034
262035
262037
262038
262040
204696
262041
204697
262043
204699
262044
204700
262046
204702
262047
204703
262049
204705
262050
204706
262052
204708
262053
204709
204711
204712
204714
204715
204717
204718
204720
204721
204723
204724
204726
204727
204729
147385
204730
204732
204733
147389
204735
204736
147392
204738
204739
147395
204741
204742
147398
204745
147401
147404
147407
147410
147413
147416
147419
147422
57312
147425
147428
319461
319462
147431
319464
319465
319467
319468
319470
319471
319473
319474
319476
319477
319479
319480
319482
319483
319485
319486
)


// ************************************************************************* //
