/*--------------------------------*- C++ -*----------------------------------*\
| =========                 |                                                 |
| \\      /  F ield         | OpenFOAM: The Open Source CFD Toolbox           |
|  \\    /   O peration     | Version:                                        |
|   \\  /    A nd           | Website:  www.openfoam.com                      |
|    \\/     M anipulation  |                                                 |
\*---------------------------------------------------------------------------*/
FoamFile
{
    version     2.0;
    format      ascii;
    class       faceSet;
    location    "constant/polyMesh/sets";
    object      nonOrthoFaces;
}
// * * * * * * * * * * * * * * * * * * * * * * * * * * * * * * * * * * * * * //


1635
(
16471
16472
16474
16475
16477
114782
16478
114783
16480
114785
16481
114786
16483
114788
16484
114789
16486
114791
16487
114792
16489
114794
16490
114795
16492
114797
16493
114798
16495
114800
16496
114801
16498
114803
16499
114804
16501
114806
16502
114807
16504
114809
16505
114810
16507
114812
16508
114813
16510
114815
16511
114816
16513
114818
16514
114819
16516
114821
16517
114822
16519
114824
16520
114825
16522
114827
16523
114828
16525
114830
16526
114831
16528
114833
16529
16531
114836
16534
114839
151
16537
114842
154
16540
156
114845
157
16543
114848
98632
94987
94990
94993
94996
94999
95002
95005
95008
95011
95014
95017
95020
95023
95026
95177
95178
95180
95181
95183
95184
95186
95187
95189
95190
95192
95193
95195
95196
95198
95199
95201
95202
95204
95205
95207
95208
95210
95211
95213
95214
95216
95217
95219
95220
95222
95223
95225
95226
95228
95229
95231
95232
95234
95235
95237
95238
95240
95241
95243
95244
95246
95247
95368
95369
95371
95372
95374
95375
95377
95378
95380
95381
95383
95384
95386
95387
95389
95390
95392
95393
95395
95396
95398
95399
95401
95402
95404
95405
95407
95408
95410
95411
95413
95414
95416
95417
95419
95420
95422
95423
95425
95426
95428
95429
95431
95432
95434
95435
95438
95559
95560
95562
95563
95565
95566
95568
95569
95571
95572
95574
95575
95577
95578
95580
95581
95583
95584
95586
95587
132452
95589
95590
132455
95592
95593
132458
95595
95596
132461
95598
95599
132464
95601
95602
132467
95604
95605
132470
95607
95608
132473
95610
95611
132476
95613
95614
132479
95616
95617
132482
95619
95620
132485
95622
95623
95625
95626
95629
148882
148884
148886
148888
148890
148892
148894
148896
148898
148900
148902
148983
148984
148985
148986
148987
148988
148989
148990
148991
148992
148993
148994
148995
148996
148997
148998
95750
148999
95751
149000
149001
95753
149002
95754
149003
149004
95756
149005
95757
149006
149007
132623
95759
149008
132624
95760
149009
149010
132626
95762
149011
132627
95763
149012
149013
132629
95765
149014
132630
95766
149015
149016
132632
95768
149017
132633
95769
149018
149019
132635
95771
149020
132636
95772
149021
149022
132638
95774
149023
132639
95775
149024
149025
132641
95777
149026
132642
95778
149028
132644
95780
132645
95781
132647
95783
132648
95784
132650
95786
132651
95787
132653
95789
132654
95790
132656
95792
132657
95793
132659
95795
132660
95796
132662
95798
132663
95799
132665
95801
132666
95802
132668
95804
132669
132671
95807
132672
132674
95810
132675
132677
95813
132678
132680
95816
132681
132683
132684
132686
132687
132689
132690
149080
149081
149082
149083
149084
149085
149086
149087
149088
149089
149090
149091
149092
149093
149094
149095
149096
149097
149098
149099
149100
149101
149102
149103
149104
149105
149106
149107
149108
149109
149110
149111
149112
149113
149114
149115
149116
149117
149118
149119
149120
149121
149122
149123
149125
149171
149172
149173
149174
149175
149176
149177
132793
149178
132794
149179
149180
132796
149181
132797
149182
149183
132799
149184
132800
149185
149186
132802
149187
132803
149188
149189
132805
149190
132806
149191
149192
132808
149193
132809
149194
149195
132811
79563
149196
132812
149197
149198
132814
149199
132815
149200
149201
132817
149202
132818
149203
149204
132820
149205
132821
149206
149207
132823
149208
132824
149209
149210
132826
149211
132827
149212
149213
132829
149214
132830
149216
132832
132833
132835
132836
132838
132839
132841
132842
132844
132845
132847
132848
132850
132851
132853
132854
132856
132857
132859
132860
149255
149256
149257
149258
149259
149260
149261
149262
149263
149264
149265
149266
149267
149268
149269
149270
149271
149272
149273
149274
149275
149276
149277
149278
149279
149280
149281
149282
149283
149284
149285
149286
149287
149289
149291
149293
149295
149297
75607
75610
75613
75616
132961
132962
75619
132964
132965
75622
132967
132968
75625
132970
132971
75628
132973
132974
75631
132976
132977
75634
132979
132980
75637
132982
132983
75640
132985
132986
75643
132988
132989
75646
132991
132992
75649
132994
132995
132997
132998
133000
133001
133003
133004
133006
133007
133009
133010
133012
133013
133015
133016
133018
133019
133021
133022
133024
133025
133027
133028
133127
133128
133130
133131
133133
133134
133136
133137
133139
133140
75797
133142
75798
133143
75800
133145
75801
133146
75803
133148
75804
133149
75806
133151
75807
133152
75809
133154
75810
133155
75812
133157
75813
133158
75815
133160
75816
133161
75818
133163
75819
133164
75821
133166
75822
133167
75824
133169
75825
133170
75827
133172
75828
133173
75830
133175
75831
133176
75833
133178
75834
75836
133181
75837
75839
133184
75840
75842
133187
75843
75845
133190
75846
75848
133193
75849
75851
75852
75854
75855
75857
75858
75860
75861
75863
75864
75866
75867
75988
75989
75991
75992
75994
75995
75997
75998
76000
76001
76003
76004
76006
76007
76009
76010
76012
76013
76015
76016
76018
76019
76021
76022
76024
76025
76027
76028
76030
76031
76033
76034
76036
76037
76039
76040
76042
76043
76045
76046
76048
76049
76051
76052
76054
76055
76057
76058
76179
76180
76182
76183
76185
76186
76188
76189
76191
76192
76194
76195
76197
76198
76200
76201
76203
76204
76206
76207
76209
76210
76212
76213
76215
76216
76218
76219
76221
76222
76224
76225
76227
76228
76230
76231
76233
76234
76236
76237
76239
76240
76242
76243
76245
76246
76248
76249
117214
55872
55875
55878
55881
55884
55887
76370
55890
76371
76373
55893
76374
76376
55896
76377
76379
55899
76380
76382
55902
76383
76385
55905
76386
76388
55908
76389
76391
55911
76392
76394
55914
76395
76397
55917
76398
76400
76401
76403
76404
76406
76407
76409
76410
76412
76413
76415
76416
76418
76419
76421
76422
76424
76427
76430
76433
76436
76439
60121
56062
56063
56065
56066
56068
56069
56071
56072
56074
56075
56077
56078
56080
56081
56083
56084
56086
56087
56089
56090
56092
56093
56095
56096
56098
56099
56101
56102
56104
334633
56105
334634
334635
56107
334636
56108
56110
56111
56113
56114
56116
56117
56119
56120
56122
56123
56125
56126
56128
56129
56131
56132
56135
334736
334737
334739
334740
56253
56254
56256
56257
56259
56260
56262
56263
56265
56266
56268
56269
56271
56272
56274
56275
56277
56278
56280
56281
56283
56284
56286
56287
56289
56290
56292
56293
56295
56296
56298
56299
56301
56302
56304
56305
56307
56308
56310
56311
334841
56313
334842
56314
334843
334844
56316
56317
56319
56320
56322
56323
56326
35883
35886
35889
35892
35895
35898
35901
35904
35907
35910
35913
35916
35919
35922
35925
35928
35931
334954
334956
334957
56444
56445
56447
56448
56450
56451
56453
56454
56456
56457
56459
56460
56462
56463
56465
56466
56468
56469
56471
56472
56474
56475
56477
56478
56480
56481
56483
56484
56486
56487
56489
56490
56492
56493
56495
56496
56498
56499
56501
56502
56504
56505
56507
56508
56510
56511
56513
56514
56517
335072
335073
36073
36074
36076
36077
36079
36080
36082
36083
36085
36086
36088
36089
36091
36092
36094
36095
36097
36098
36100
36101
36103
36104
36106
36107
36109
36110
36112
36113
36115
36116
36118
36119
36121
36122
36124
36125
36127
36128
36130
36131
36133
36134
36136
36137
36139
36140
36142
36143
36145
36146
56635
56636
56638
56639
56641
56642
56644
56645
56647
335176
56648
335177
56650
56651
56653
56654
56656
56657
56659
56660
56662
56663
56665
56666
56668
15708
56669
56671
15711
56672
56674
15714
114019
56675
56677
15717
114022
56678
56680
15720
114025
56681
56683
15723
114028
56684
56686
15726
114031
56687
56689
15729
114034
56690
56692
15732
114037
56695
15735
114040
56698
15738
114043
56701
15741
114046
56704
15744
114049
15747
114052
15750
114055
15753
15756
15759
40358
36264
36265
335274
40362
335275
36267
36268
36270
36271
36273
36274
36276
36277
36279
36280
36282
36283
36285
36286
36288
36289
36291
36292
36294
36295
36297
36298
36300
36301
36303
36304
36306
36307
36309
36310
36312
36313
36315
36316
36318
36319
36321
36322
36324
36325
36327
36328
36330
36331
36333
36334
36336
36337
335372
15898
15899
15901
15902
15904
114209
15905
114210
15907
114212
15908
114213
15910
114215
15911
114216
15913
114218
15914
114219
15916
114221
15917
114222
15919
114224
15920
114225
15922
114227
15923
114228
15925
114230
15926
114231
15928
114233
15929
114234
15931
114236
15932
114237
15934
114239
15935
114240
15937
114242
15938
114243
15940
114245
15941
114246
15943
114248
15944
114249
15946
114251
15947
114252
15949
114254
15950
114255
15952
114257
15953
114258
15955
114260
15956
114261
15958
114263
15959
114264
15961
114266
15962
114267
15964
114269
15965
114270
15967
114272
15968
114273
15970
114275
15971
114276
15974
114279
36455
36456
36458
36459
36461
36462
36464
36465
36467
36468
36470
36471
36473
36474
36476
36477
36479
36480
36482
36483
36485
36486
36488
36489
36491
36492
36494
36495
36497
36498
36500
36501
36503
36504
36506
36507
36509
36510
36512
36513
36515
36516
36518
36519
36521
36522
36524
36525
36527
36528
16089
16090
16092
16093
16095
114400
16096
114401
16098
114403
16099
114404
16101
114406
16102
114407
16104
114409
16105
114410
16107
114412
16108
114413
16110
114415
16111
114416
16113
114418
16114
114419
16116
114421
16117
114422
16119
114424
16120
114425
16122
114427
16123
114428
16125
114430
16126
114431
16128
114433
16129
114434
16131
114436
16132
114437
16134
114439
16135
114440
16137
114442
16138
114443
16140
114445
16141
114446
16143
114448
16144
114449
16146
114451
16147
114452
16149
114454
16150
114455
16152
114457
16153
114458
16155
114460
16156
114461
16158
114463
16159
114464
16161
114466
16162
114467
16165
114470
36646
36647
36649
36650
36652
36653
36655
36656
36658
36659
36661
36662
36664
36665
36667
36668
36670
36671
36673
36674
36676
36677
36679
36680
36682
36683
36685
36686
36688
36689
36691
36692
36694
36695
36697
36698
36700
36701
36703
36704
36706
36709
36712
36715
36718
20348
20351
20353
20354
16280
16281
16283
16284
16286
114591
16287
114592
16289
114594
16290
114595
16292
114597
16293
114598
16295
114600
16296
114601
16298
114603
16299
114604
16301
114606
16302
114607
16304
114609
16305
114610
16307
114612
16308
114613
16310
114615
16311
114616
16313
114618
16314
114619
16316
114621
16317
114622
16319
114624
16320
114625
16322
114627
16323
114628
16325
114630
16326
114631
16328
114633
16329
114634
16331
114636
16332
114637
16334
114639
16335
114640
16337
114642
16338
114643
16340
114645
16341
114646
16343
114648
16344
114649
16346
114651
16347
114652
16349
114654
16350
114655
16352
114657
16353
114658
16356
)


// ************************************************************************* //
