/*--------------------------------*- C++ -*----------------------------------*\
| =========                 |                                                 |
| \\      /  F ield         | OpenFOAM: The Open Source CFD Toolbox           |
|  \\    /   O peration     | Version:                                        |
|   \\  /    A nd           | Website:  www.openfoam.com                      |
|    \\/     M anipulation  |                                                 |
\*---------------------------------------------------------------------------*/
FoamFile
{
    version     2.0;
    format      ascii;
    class       faceSet;
    location    "constant/polyMesh/sets";
    object      nonOrthoFaces;
}
// * * * * * * * * * * * * * * * * * * * * * * * * * * * * * * * * * * * * * //


2036
(
40960
40961
40963
40964
40966
40967
40969
40970
40972
40973
40975
40976
40978
40979
40981
40982
40984
40985
40987
40988
40990
40991
40993
40994
40996
40997
40999
41000
86064
86066
86068
86069
86071
86073
86074
86076
86078
86079
86081
81987
86083
81988
86084
81990
86086
81991
81993
81994
81996
81997
81999
82000
82002
82003
82005
82006
82008
82009
82011
82012
82014
82015
82017
82018
82020
82021
82023
82024
82026
82027
41069
41070
82030
41072
41073
41075
41076
41078
41079
41081
41082
41084
41085
41087
41088
41090
41091
41093
41094
41096
41097
41099
41100
41102
41103
41105
41106
41108
41109
123030
41111
41112
123034
41114
41115
123037
123040
123043
123046
123049
123052
123055
123058
123061
82105
82106
82108
82109
82111
82112
82114
82115
82117
82118
82120
82121
82123
82124
82126
82127
82129
82130
82132
82133
82135
82138
82141
41182
41183
82144
41185
41186
82147
41188
41189
41191
41192
41194
41195
41197
41198
41200
41201
41203
41204
41206
41207
41209
41210
41212
41213
41215
41216
41218
41219
41221
41222
41224
41225
41227
41228
123155
123156
123158
123159
123161
123162
123164
123165
123167
123168
123170
123171
123173
123174
123176
123177
123179
123180
123182
123183
123185
123186
123188
123189
123191
123192
123195
41294
41295
41297
41298
41300
41301
41303
41304
41306
41307
41309
41310
41312
41313
41315
41316
41318
41319
41321
41322
41324
41325
41327
41328
41330
41333
41336
41339
123279
90511
123280
123282
123283
90515
123285
29077
123286
90518
29079
123288
123289
90521
123291
123292
90524
123294
123295
90527
123297
123298
90530
123300
123301
90533
123303
123304
90536
123306
123307
90539
123309
123310
90542
123312
123313
90545
123315
123316
123319
123401
123402
90635
123404
90636
123405
90638
123407
90639
123408
90641
123410
90642
123411
90644
123413
90645
123414
90647
123416
90648
123417
90650
123419
90651
123420
90653
123422
90654
123423
90656
123425
90657
123426
90659
123428
90660
123429
90662
123431
90663
123432
90665
123434
90666
123435
90668
123437
90669
123438
90671
90672
123441
90674
90675
90678
33369
33373
33376
33379
33382
33385
33388
33391
33394
33397
33400
33403
33406
33409
123522
123523
33412
123525
90757
123526
90758
123528
90760
123529
90761
123531
90763
123532
90764
123534
90766
123535
90767
123537
90769
123538
90770
123540
90772
123541
90773
123543
90775
123544
90776
123546
90778
123547
90779
123549
90781
90782
123552
90784
90785
123555
90787
90788
123558
90790
90791
123561
90793
90794
90796
90797
90800
33482
33483
33485
33486
33488
33489
33491
33492
33494
33495
33497
33498
33500
33501
33503
33504
33506
33507
33509
33510
33512
33513
33515
33516
33518
33519
33521
33522
33524
33525
33527
33528
33531
90878
90879
90881
90882
90884
90885
90887
90888
90890
90891
90893
90894
90896
90897
90899
90900
90902
90903
90905
90906
90908
90909
90911
90912
90914
90915
90917
90918
90921
33594
33595
33597
33598
33600
33601
33603
33604
33606
33607
33609
33610
33612
33613
33615
33616
33618
33619
107347
33621
107349
33622
107351
33624
107352
33625
107354
33627
33628
107356
107357
33630
33631
107359
33633
107361
33634
107362
33636
107364
33637
107366
33639
107367
33640
107369
107370
33643
107372
90997
90998
91000
91001
91003
91004
91006
91007
91009
91010
91012
91013
91015
91016
91018
91019
91021
91022
91024
91025
91027
91030
91033
91036
33704
33705
33707
33708
33710
33711
33713
33714
33716
33717
33719
33720
33722
33723
33725
33726
33728
33729
33731
33732
33734
33735
33737
33738
33740
33741
33743
33744
33746
33747
33749
33750
33753
33813
33814
33816
33817
33819
33820
33822
33823
33825
33826
33828
33829
33831
33832
33834
33835
33837
33838
33840
33841
33843
33844
33846
33847
33849
33850
33852
33855
33858
111867
111871
111874
111877
111880
111883
111886
111889
111892
111895
111898
111991
111992
111994
111995
111997
111998
112000
112001
112003
112004
112006
112007
112009
112010
112012
112013
112015
112016
112018
112019
112021
112022
112024
112025
112027
112028
112030
112031
21928
112113
112114
112116
112117
112119
112120
112122
112123
112125
112126
112128
112129
112131
112132
112134
112135
112137
112138
112140
112141
112143
112144
112146
112147
112149
112150
112152
112153
26196
26200
26203
26206
26209
26212
26215
26218
112235
112236
26221
112238
112239
26224
112241
112242
26227
112244
112245
26230
112247
112248
26233
112250
112251
26236
112253
112254
26239
112256
112257
112259
112260
112262
112263
112265
112266
112268
112269
112271
112272
112274
112275
26306
26307
26309
26310
26312
26313
26315
26316
26318
26319
26321
26322
26324
26325
26327
26328
26330
26331
26333
26334
26336
26337
26339
112356
26340
112357
26342
112359
26343
112360
26345
112362
26346
112363
26348
112365
26349
112366
26351
112368
26352
112369
112371
26355
112372
112374
112375
112377
112378
112380
112381
112383
112386
112389
112392
112395
132895
132898
132900
132902
132904
132906
132908
132910
26415
132912
26416
132914
26418
26419
132916
26421
26422
26424
26425
26427
26428
26430
26431
26433
26434
26436
26437
26439
26440
26442
26443
26445
26446
26448
26449
26451
26452
26454
26455
26457
26458
26460
149341
26461
149343
26463
26464
132978
132979
132980
132981
132982
132983
132984
132985
132986
132987
132988
132989
132990
132991
132992
132993
132994
132995
132996
132997
132998
132999
133000
133001
133002
149387
133003
149389
133005
149390
26522
26523
26525
26526
26528
26529
26531
26532
26534
26535
26537
26538
26540
26541
26543
26544
26546
26547
26549
26550
26552
149433
26553
149434
149435
26555
149436
26556
149437
26558
26559
26561
26562
133060
26564
133061
26565
133062
133063
26567
133064
26568
133065
133066
26570
133067
26571
133068
133069
133070
133071
133072
133073
133074
133075
133076
133077
133078
133079
133080
133081
133082
133083
133084
133085
133087
149502
149504
149505
149506
149507
26628
26629
26631
26632
26634
26635
26637
26638
26640
26641
26643
26644
133141
133142
26646
133143
26647
133144
133145
26649
133146
26650
133147
133148
26652
133149
26653
133150
133151
26655
133152
26656
133153
133154
26658
133155
26659
133156
133157
26661
133158
26662
133159
133160
26664
133161
26665
133162
133163
26667
133164
133165
133166
26670
133168
26673
26676
149566
149567
149568
149569
149571
133222
133223
133224
133225
133226
133227
133228
133229
133230
133231
133232
133233
133234
133235
133236
133237
133238
133240
133242
149628
133244
149629
149630
133246
149632
149633
149692
149693
149695
149696
149697
96476
96478
96480
96481
96483
96485
96486
96488
96490
96491
96493
96495
96496
137458
96498
96499
137460
137461
96501
137462
137463
137464
137465
137466
137467
137468
137469
137470
137471
137472
137473
149762
137474
149763
137475
149764
137476
149765
137477
137478
137479
137480
137481
149828
149829
149830
149831
149936
149937
149938
149939
149940
150038
150039
150040
150041
150043
100978
100982
100985
100988
100991
100994
150148
150149
100997
150150
150152
101000
150153
101003
101006
101009
101012
101102
101103
101105
101106
101108
101109
101111
101112
150265
150266
101114
101115
150268
150269
101117
150270
101118
101120
101121
101123
101124
101126
101127
129801
101129
101130
129803
101132
129805
101133
129806
101135
129808
101136
129810
101138
129811
101139
129813
101141
129814
101142
129816
129818
129819
129821
129822
129824
129826
129827
129829
129830
129832
150374
150375
150376
101224
150377
101225
101227
101228
101230
101231
101233
101234
101236
101237
101239
101240
101242
101243
101245
101246
101248
101249
101251
101252
101254
101255
101257
101258
101260
101261
101263
101264
60341
60343
60345
60347
60348
60350
60352
60353
60355
52179
52181
52183
52185
52187
52188
52190
101345
101346
101348
101349
101351
101352
101354
101355
101357
101358
101360
101361
101363
101364
101366
101367
101369
101370
101372
101373
101375
101376
101378
101379
101381
101382
101384
101385
68666
68668
68670
68671
68673
68675
68676
68678
68680
68681
68683
101464
101465
101467
101468
101470
101471
19553
101473
101474
101476
19557
101477
101479
19560
101480
101482
19563
101483
101485
19566
101486
101488
19569
101489
101491
19572
101494
19575
101497
19578
101500
19581
101503
19584
19587
19590
19593
19596
19659
19660
19662
19663
19665
44241
19666
44243
19668
19669
44245
44246
19671
19672
44248
19674
19675
19677
19678
19680
19681
19683
19684
19686
19687
19689
19690
19692
19693
19695
19696
19698
19699
19701
19702
19704
64760
19705
19707
19708
64764
64767
64770
56580
64773
56584
64776
56587
64779
56590
64782
56593
64785
56596
64788
56599
64791
56602
64794
56605
64797
56608
56611
56614
56617
56620
19762
19763
19765
19766
19768
19769
19771
19772
19774
19775
19777
19778
19780
19781
19783
19784
19786
19787
19789
19790
19792
19793
19795
19796
19798
19799
19801
19802
19804
19805
19807
19808
19810
19811
64881
64882
64884
64885
64887
64888
64890
56699
64891
56700
64893
56702
64894
56703
64896
56705
64897
56706
77186
64899
56708
64900
77188
56709
64902
73094
77190
56711
64903
77191
56712
64905
77193
56714
64906
73098
56715
77195
64908
77196
56717
64909
73101
56718
77198
64911
56720
64912
73104
77200
56721
77201
64914
56723
64915
73107
77203
56724
64917
77205
56726
64918
73110
77206
19863
56727
19864
64920
77208
56729
64921
73113
19866
56730
19867
64923
56732
64924
73116
19869
56733
19870
56735
73119
19872
56736
19873
56738
73122
19875
56739
19876
56741
73125
19878
56742
19879
73128
19881
56745
19882
73131
19884
19885
19887
19888
19890
19891
19893
19894
19896
19897
19899
19900
19902
19903
19905
19906
19908
19909
19911
19912
48616
65000
65001
65003
48620
65004
65006
48623
65007
56817
65009
48626
56818
65010
56820
65012
48629
56821
65013
56823
65015
48632
56824
65016
56826
65018
19963
48635
56827
65019
19964
56829
65021
19966
48638
56830
65022
19967
73215
56832
65024
73216
19969
48641
56833
65025
19970
73218
56835
65027
73219
19972
48644
56836
65028
19973
73221
56838
65030
73222
19975
48647
56839
65031
19976
73224
56841
65033
73225
19978
48650
56842
65034
19979
73227
56844
65036
73228
19981
48653
56845
65037
19982
73230
56847
65039
73231
19984
48656
56848
65040
19985
73233
56850
65042
73234
19987
56851
65043
19988
73236
56853
73237
19990
56854
19991
73239
56856
73240
19993
56857
19994
73242
56859
73243
19996
56860
19997
73245
73246
19999
56863
20000
73248
73249
20002
73251
73252
20005
73254
73255
20008
73257
73258
20011
48734
65118
48735
65119
48737
65121
48738
65122
48740
65124
48741
56933
65125
56934
48743
65127
48744
56936
65128
56937
48746
65130
48747
56939
65131
56940
48749
65133
48750
56942
65134
56943
48752
65136
48753
56945
65137
56946
48755
65139
48756
56948
65140
56949
48758
65142
73334
48759
56951
65143
73335
56952
48761
65145
73337
48762
56954
65146
73338
56955
48764
65148
73340
48765
56957
65149
73341
56958
48767
65151
73343
48768
56960
65152
73344
56961
48770
65154
73346
48771
56963
65155
73347
56964
48773
65157
73349
48774
56966
65158
73350
56967
48776
65160
73352
48777
56969
65161
73353
56970
48779
73355
48780
56972
73356
56973
73358
56975
73359
56976
73361
73362
56979
73364
73365
73367
73368
73370
73371
73373
73374
73376
73377
36529
36531
36533
48850
65234
48851
65235
48853
65237
48854
65238
48856
57048
65240
48857
57049
65241
81625
48859
57051
65243
48860
57052
65244
81629
48862
57054
65246
48863
57055
65247
81632
48865
57057
65249
48866
57058
65250
81635
48868
57060
65252
118501
48869
57061
65253
81638
118503
48871
57063
65255
48872
57064
65256
118505
81641
118506
48874
57066
65258
48875
57067
65259
118508
81644
48877
57069
65261
73453
118510
48878
57070
65262
73454
118511
81647
48880
57072
65264
73456
118513
48881
57073
65265
73457
81650
118515
48883
57075
65267
73459
118516
48884
57076
73460
81653
118518
48886
57078
65270
73462
118519
48887
57079
73463
81656
118521
48889
57081
65273
73465
48890
73466
118523
81659
118524
48892
57084
65276
73468
48893
73469
118526
118527
48895
57087
73471
48896
73472
118529
57090
73474
73475
73477
73478
73480
73481
73483
73484
73486
73487
73489
73490
73492
73493
73495
73496
48965
48966
48968
48969
48971
48972
48974
48975
48977
48978
81747
48980
81748
48981
81750
48983
81751
48984
81753
48986
81754
48987
81756
48989
81757
48990
81759
48992
81760
48993
81762
48995
73571
81763
48996
73572
81765
48998
73574
81766
48999
73575
81768
49001
73577
81769
49002
73578
81771
49004
73580
81772
49005
73581
81774
49007
73583
81775
49008
73584
81777
49010
73586
81778
49011
73587
81780
73589
81781
73590
81783
73592
81784
73593
81786
73595
81787
73596
73598
81790
73599
73601
73602
73604
40838
73607
40842
73610
40845
73613
40848
40851
40854
40857
40860
40863
40866
40869
40872
40875
40878
49078
49079
49081
49082
49084
49085
49087
49088
49090
49091
49093
49094
49096
49097
49099
49100
81868
81869
49102
49103
81871
81872
49105
49106
81874
81875
49108
49109
81877
81878
49111
49112
81880
81881
49114
81883
81884
49117
81886
81887
49120
81889
81890
49123
81892
81893
81895
81896
81898
81899
81901
81902
81904
81905
81907
81908
81911
40954
40955
40957
40958
)


// ************************************************************************* //
