/*--------------------------------*- C++ -*----------------------------------*\
| =========                 |                                                 |
| \\      /  F ield         | OpenFOAM: The Open Source CFD Toolbox           |
|  \\    /   O peration     | Version:                                        |
|   \\  /    A nd           | Website:  www.openfoam.com                      |
|    \\/     M anipulation  |                                                 |
\*---------------------------------------------------------------------------*/
FoamFile
{
    version     2.0;
    format      ascii;
    class       cellSet;
    location    "constant/polyMesh/sets";
    object      highAspectRatioCells;
}
// * * * * * * * * * * * * * * * * * * * * * * * * * * * * * * * * * * * * * //


4449
(
0
1
2
3
4
5
6
81926
7
81927
8
81928
9
81929
81930
81931
12
81932
13
14
15
16
24593
17
24594
18
24595
19
24596
24597
24598
23
24
25
26
27
28
29
30
31
32
34
35
36
37
65573
38
65574
39
65575
40
65576
41
65577
42
65578
43
65579
44
65580
45
65581
46
49198
65582
47
49199
48
49200
49
49201
50
51
52
53
54
55
56
57
58
59
61
62
63
64
65
66
68
69
70
81990
71
81991
81992
81993
74
81994
75
81995
76
81996
81997
81998
81999
80
24657
24658
24659
24660
24661
24662
24663
65637
65638
65639
65640
65641
65642
65643
65644
65645
49262
65646
49263
49264
65648
49265
65649
49266
65650
65651
65652
65653
65654
65658
65659
65660
65661
65662
65663
65664
65665
65666
65668
65669
65670
82054
65671
82055
65672
82056
65673
82057
65674
82058
65675
82059
65676
82060
65677
82061
65678
82062
65679
82063
65680
24721
65681
82065
24722
65682
82066
24723
65683
82067
24724
65684
82068
24725
65685
82069
24726
65686
82070
24727
65687
82071
98455
24728
65688
98456
24729
65689
65690
65691
82075
65692
82076
65693
82077
65694
82078
65695
82079
65696
82080
65697
82081
65698
82082
65699
82083
82084
82085
82086
82087
82088
82089
82090
82091
82092
82093
49326
82094
49327
82095
49328
82096
49329
82097
49330
82098
49331
82099
49332
82100
82101
82102
82103
82104
82105
82106
82107
82108
82109
82110
82111
82112
82113
24785
8401
24786
24787
24788
24789
24790
24791
98519
24792
98520
24793
98521
24794
98522
49390
49391
49392
49393
49394
49395
49396
49397
49398
24849
8465
24850
8466
24851
8467
24852
24853
24854
24855
98583
24856
98584
24857
98585
24858
98586
98587
49454
49455
49456
49457
49458
49459
49460
49461
49462
49463
24913
8529
24914
8530
24915
8531
24916
8532
24917
24918
24919
98647
98648
98649
98650
98651
98652
98653
123243
123244
49518
49519
49520
49521
49522
49523
49524
49525
49526
24977
8593
24978
8594
24979
8595
24980
8596
24981
8597
24982
8598
24983
98711
24984
98712
24985
98713
24986
98714
98715
98716
98717
98718
98719
123307
123308
123309
49582
49583
49584
49585
49586
49587
49588
25041
8657
25042
8658
25043
8659
25044
8660
25045
8661
25046
8662
25047
8663
98775
25048
98776
25049
98777
25050
98778
98779
25052
98780
25053
98781
25054
98782
25055
98783
25056
98784
25057
25058
25063
25064
25065
25066
123371
25067
123372
25068
123373
25069
123374
25070
49646
123375
25071
49647
25072
49648
25073
49649
25074
49650
25075
49651
25076
49652
25077
49653
25078
49654
25079
49655
25080
25081
25082
25083
25084
25085
25086
25087
25088
25089
25090
25091
25092
25093
25094
25095
25096
25097
25098
25099
25100
25101
25102
25103
25104
25105
8721
25106
8722
8723
25108
8724
25109
8725
8726
8727
98839
25112
8728
98840
8729
98841
98842
98843
98844
98845
98846
98847
123435
123436
123437
123438
49710
123439
49711
123440
49712
123441
49713
49714
49715
49716
49717
49718
49719
49721
49722
49723
49724
49725
49726
49727
49731
49732
49733
49734
49735
49736
49737
49738
49739
49741
49742
49743
49744
8785
49745
8786
49746
8787
49747
8788
49748
8789
49749
8790
49750
8791
49751
98903
8792
49752
98904
8793
49753
98905
8794
49754
98906
8795
49755
98907
49756
98908
49757
98909
49758
49759
49760
49761
49762
49763
49764
49765
49766
49767
49768
49769
49770
123499
49771
123500
49772
123501
49773
123502
123503
123504
123505
123506
123507
8849
8850
8851
8852
8853
8854
8855
98967
8856
98968
8857
98969
8858
98970
98971
98972
98973
98974
98975
98976
123563
123564
123565
123566
123567
123568
123569
123570
123571
123572
8913
8914
8915
8916
8917
8918
8919
99031
8920
99032
99033
99034
99035
99036
99037
99038
99039
99040
99041
99042
99043
99044
99045
99046
99047
123627
99051
123628
99052
123629
99053
123630
99054
123631
99055
123632
99056
123633
99057
123634
99058
123635
99059
99060
99061
99062
99063
99064
99065
99066
99067
99068
99069
99070
99071
99072
99073
99074
99075
99076
99077
99078
99079
99080
99081
99082
99083
99084
156429
99085
156430
99086
99087
99088
8977
8978
8979
8980
8981
8982
8983
17176
8984
8985
8986
123691
123692
123693
123694
123695
123696
123697
156493
156494
156495
9041
9042
9043
9044
9045
9046
9047
17240
9048
17241
9049
9050
9052
9053
9054
9055
9056
9057
9058
9059
9063
9064
9065
9066
123755
9067
123756
9068
123757
9069
123758
9070
123759
9071
123760
9072
123761
9073
123762
9074
123763
9075
123764
9076
9077
9078
9079
9080
9081
9082
9083
9084
9085
9086
9087
9088
9089
9090
9091
9092
9093
9094
9095
9096
9097
9098
9099
9100
156557
9101
156558
9102
156559
9103
156560
9104
156561
9105
9106
9108
9109
17304
17305
9113
17306
17307
123819
123820
123821
123822
123823
123824
123825
123826
123827
123828
123829
123830
123831
123832
123833
123834
123835
123839
123840
123841
123842
123843
123844
123845
123846
123847
123848
123849
123850
123851
123852
156621
123853
156622
123854
156623
123855
156624
123856
156625
123857
156626
123858
156627
123859
123860
123861
123862
123863
123864
17368
123865
17369
123866
17370
123867
17371
123868
17372
123869
17373
123870
123871
123872
123873
123874
123875
156685
156686
156687
156688
156689
156690
156691
156692
156693
17432
17433
17434
17435
17436
17437
17438
1060
33858
156749
156750
156751
156752
156753
156754
156755
156756
156757
156758
17496
17497
17498
17499
17500
17501
17502
17503
17504
1124
1125
1126
33922
33923
156813
156814
156815
156816
156817
156818
156819
156820
156821
17560
17561
17562
17563
17564
17565
17566
17567
17568
17569
1188
1189
1190
1191
33986
33987
33988
33989
156877
156878
156879
156880
156881
156882
156883
17624
17625
17626
17627
17628
17629
17630
17631
17632
17633
1252
1253
1254
1255
1256
1257
34050
34051
34052
34053
34054
34055
156941
156942
156943
156944
156945
156946
156947
156948
156949
156950
17688
17689
17690
17691
17692
17693
17694
1316
1317
1318
1319
1320
1321
1322
34114
34115
34116
34117
34118
34119
34120
157005
157006
157007
157008
157009
157010
157011
157012
157013
157014
157015
157016
17752
157017
17753
157018
17754
157019
17755
157020
17756
157021
17757
17758
17759
17760
157025
17761
157026
157027
157028
1380
157029
1381
157030
1382
157031
1383
157032
1384
157033
1385
157034
1386
157035
1387
157036
1388
157037
157038
157039
157040
157041
157042
157043
157044
157045
157046
157047
157048
157049
157050
157051
157052
157053
157054
157055
157056
157057
157058
34178
34179
34180
34181
34182
34183
34184
34185
34186
17816
17817
17818
17819
17820
17821
17822
17823
17824
17825
17827
17828
1444
17829
1445
17830
1446
17831
1447
17832
1448
17833
1449
1450
1451
1452
1453
17838
1454
17839
17840
17841
17842
17843
17844
17845
17846
17847
17848
17849
17850
17851
17852
17853
17854
17855
17856
17857
17858
34242
17859
34243
17860
34244
17861
34245
17862
34246
17863
34247
17864
34248
17865
34249
17866
34250
17867
34251
17868
17869
17870
17871
17872
17873
17874
17875
17876
17877
17878
17879
17880
17881
17883
17884
17887
1508
1509
1510
1511
1512
1513
1514
1515
1516
1517
34306
34307
34308
34309
34310
34311
34312
34313
34314
34315
1572
1573
1574
1575
1576
1577
1578
1579
34370
34371
34372
34373
34374
34375
34376
1636
1637
1638
1639
1640
1641
1642
1643
1644
1645
34434
34435
34436
34437
34438
34439
34440
34441
34442
34443
1700
1701
1702
1703
1704
1705
1706
1707
1708
1709
1712
1713
1714
1715
1716
1717
1718
1719
1723
1724
1725
1726
1727
1728
1729
1730
34498
1731
34499
1732
34500
34501
1734
34502
1735
34503
1736
34504
1737
34505
1738
34506
1739
34507
1740
1741
34509
1742
34510
1743
34511
1744
34512
1745
34513
1746
34514
1747
34515
1748
1749
1750
1751
34519
1752
34520
1753
34521
1754
34522
1755
34523
1756
34524
1757
34525
1758
34526
1759
34527
34528
1761
34529
1762
34530
1763
34531
1764
34532
1765
34533
1766
34534
34535
1768
34536
1769
34537
1770
34538
1771
34539
34540
34541
1774
34542
1775
34543
1776
34544
34545
34546
1779
34547
34548
34549
34550
34551
34552
34553
34554
34555
34556
34557
34558
34559
34560
34561
34562
116791
116792
116855
116856
116857
10403
116919
75959
116920
75960
116921
116922
116923
149708
149709
10467
10468
116983
76023
116984
76024
116985
76025
116986
76026
116987
116988
116989
149772
149773
149774
10531
10532
10533
10534
59693
59694
117047
76087
117048
76088
117049
76089
117050
76090
117051
76091
117052
117053
117054
117055
149836
149837
149838
149839
149840
10595
10596
10597
10598
10599
10600
59757
59758
59759
59760
117111
76151
117112
76152
117113
76153
117114
76154
117115
76155
117116
76156
117117
76157
117118
117119
117120
149900
149901
149902
149903
149904
149905
149906
10659
10660
10661
10662
10663
10664
10665
59821
59822
59823
59824
59825
117175
76215
117176
76216
117177
76217
117178
76218
117179
76219
117180
76220
117181
76221
117182
76222
117183
76223
149964
149965
149966
149967
149968
149969
149970
149971
149972
10723
10724
10725
10726
10727
10728
10729
10730
10731
59885
59886
59887
59888
59889
59890
59891
117239
76279
117240
76280
117241
76281
117242
76282
117243
76283
117244
76284
117245
76285
76286
76287
76288
150028
150029
150030
150031
150032
150033
150034
150035
150036
150037
10787
10788
10789
10790
10791
10792
10793
10794
10795
10796
59949
59950
59951
92719
59952
92720
59953
59954
59955
59956
59957
117303
76343
117304
76344
117305
76345
117306
76346
117307
76347
117308
76348
117309
76349
117310
76350
117311
76351
117312
150092
150093
150094
150095
150096
150097
150098
150099
150100
10851
10852
10853
10854
10855
10856
10857
10858
10859
10860
60013
60014
60015
92783
60016
92784
60017
92785
60018
92786
60019
60020
60021
60022
117367
76407
117368
76408
117369
76409
117370
76410
117371
76411
117372
76412
117373
76413
117374
117375
117376
117377
117378
117379
117380
117381
117382
117383
117387
150156
117388
150157
117389
150158
117390
150159
117391
150160
117392
150161
117393
150162
117394
117395
117396
117397
117398
117399
117400
117401
117402
117403
117404
117405
117406
117407
117408
117409
117410
117411
10915
117412
10916
117413
10917
117414
10918
117415
10919
117416
10920
117417
10921
117418
10922
117419
117420
117421
60077
117422
60078
117423
60079
92847
60080
92848
60081
92849
60082
92850
60083
92851
60084
60085
76471
76472
76473
76474
76475
76476
76477
76478
76479
76480
150220
150221
150222
150223
150224
150225
150226
150227
150228
150229
10979
10980
10981
10982
10983
10984
10985
10986
10987
10988
60141
60142
60143
92911
60144
92912
60145
92913
60146
92914
60147
92915
92916
92917
76535
76536
76537
76538
76539
76540
2813
76541
76542
76543
76544
76546
76547
76548
76549
76550
76551
76552
150284
76556
150285
76557
150286
76558
150287
76559
150288
76560
150289
76561
150290
76562
150291
76563
150292
76564
150293
76565
150294
76566
150295
76567
150296
76568
150297
76569
150298
76570
150299
76571
150300
76572
76573
76574
76575
150304
76576
150305
76577
150306
76578
150307
11043
76579
150308
11044
76580
150309
11045
76581
150310
11046
76582
150311
11047
76583
150312
11048
76584
150313
11049
76585
150314
11050
76586
150315
11051
76587
150316
11052
76588
150317
60205
76589
150318
11054
60206
76590
150319
11055
60207
76591
92975
150320
11056
60208
76592
92976
150321
11057
60209
76593
92977
150322
11058
60210
76594
92978
150323
11059
60211
76595
92979
150324
11060
60212
92980
150325
11061
60213
92981
150326
60214
92982
150327
92983
150328
150329
11065
150330
11066
150331
11067
150332
11068
150333
11069
2877
150334
11070
2878
150335
11071
2879
150336
11072
150337
11073
150338
11074
11075
11076
11077
11078
11079
11080
11081
11082
11083
11084
11085
11086
11087
11088
11089
11090
11091
11092
11093
11094
11095
11096
11097
11098
11099
11100
11101
11102
11103
11104
11105
11106
11107
11108
11110
11111
11115
60269
60270
60271
93039
60272
93040
60273
93041
60274
93042
60275
93043
60276
93044
60277
93045
60278
93046
93047
60280
93048
60281
60282
60283
60284
2941
60285
2942
60286
2943
2944
60290
60291
60292
60293
60294
60295
60296
60297
60298
60300
60301
60302
60303
60304
60305
60306
60307
60308
60309
60310
60311
60312
60313
60314
60315
60316
60317
60318
60319
60320
60321
60322
60323
60324
60325
60326
60327
60328
60329
60330
60331
93103
93104
93105
93106
93107
93108
93109
93110
93111
3005
3006
3007
3008
3009
3010
43971
43972
93167
93168
93169
93170
93171
93172
93173
3069
3070
3071
3072
3073
3074
3075
44035
44036
44037
44038
93231
93232
93233
93234
93235
93236
93237
93238
93239
93240
3133
3134
3135
3136
3137
3138
3139
44099
3140
44100
3141
44101
44102
44103
93295
93296
93297
93298
93299
93300
93301
93302
93303
93304
93306
93307
93308
3197
93309
3198
93310
3199
93311
3200
93312
3201
3202
3203
44163
3204
44164
93316
3205
44165
93317
3206
44166
93318
3207
44167
93319
44168
93320
44169
93321
93322
93323
93324
93325
93326
93327
93328
93329
93330
93331
93332
93333
93334
93335
93336
93337
93338
93339
93340
93341
93342
93343
93344
93345
93346
93347
93348
93349
93350
93351
93352
93353
3261
3262
3263
3264
3265
3266
3267
44227
3268
44228
3269
44229
3270
44230
44231
44232
44233
44234
44235
3325
3326
3327
3328
3329
3330
3331
44291
3332
44292
44293
44294
44295
44296
44297
44298
44299
44300
3389
3390
3391
3392
3393
3394
3395
44355
3396
44356
3397
44357
3398
44358
44359
44360
44361
44362
44363
44364
3453
3454
3455
3456
3457
3458
3459
44419
3460
44420
3461
44421
3462
44422
44423
44424
3465
44425
3466
3467
3468
3469
3470
3471
3472
3476
3477
3478
3479
3480
3481
3482
3483
3484
3485
3487
3488
3489
3490
3491
3492
3493
3494
3495
3496
3497
3498
3499
3500
3501
3502
3503
3504
3505
3506
3507
3508
3509
3510
3511
3512
3514
3515
3516
3517
3518
3519
3521
3522
3523
44483
3524
44484
44485
44486
3527
44487
3528
44488
3529
44489
44490
44491
3532
44492
44547
44548
44549
44550
44551
44552
44553
44554
44555
44556
44558
44559
44560
44561
44562
44563
44564
44568
44569
44570
44571
44572
44573
44574
44575
44576
44578
44579
44580
44581
44582
44583
44584
44585
44586
44587
44588
44589
44590
44591
44592
44593
44594
44595
44596
44597
44598
44599
44600
44601
44602
44603
44604
44605
44606
44607
44608
44609
44610
20123
143020
143021
20187
20188
143084
143085
143086
20251
20252
20253
20254
143148
143149
143150
143151
143152
20315
20316
20317
20318
20319
20320
110443
143212
110444
143213
143214
143215
143216
143217
143218
20379
20380
20381
20382
20383
20384
20385
110507
143276
110508
143277
110509
143278
143279
143280
143281
143282
143283
143284
20443
20444
20445
20446
20447
20448
20449
20450
20451
110571
143340
110572
143341
110573
143342
110574
143343
110575
143344
143345
143346
143347
143348
143349
20507
20508
20509
20510
20511
20512
20513
20514
20515
20516
110635
143404
110636
143405
110637
143406
110638
143407
110639
143408
110640
143409
110641
143410
143411
143412
20571
20572
20573
20574
20575
20576
20577
20578
20579
20580
110699
143468
110700
143469
110701
143470
110702
143471
110703
143472
110704
143473
110705
143474
110706
110707
20635
20636
20637
20638
20639
20640
20641
110763
143532
110764
143533
110765
143534
110766
143535
110767
143536
110768
143537
110769
143538
110770
143539
110771
143540
110772
143541
12500
20699
20700
20701
20702
20703
20704
20705
20706
20707
20708
110827
143596
110828
143597
110829
143598
110830
143599
110831
143600
110832
143601
110833
143602
110834
143603
110835
143604
143605
143606
143607
143608
143609
143610
143611
143612
143616
143617
143618
143619
143620
143621
143622
143623
143624
143625
143626
143627
143628
143629
143630
143631
143632
143633
143634
143635
143636
12564
143637
12565
143638
143639
143640
143641
143642
143643
20763
143644
20764
143645
20765
143646
20766
143647
20767
143648
20768
143649
20769
143650
20770
20771
20772
20774
20775
20776
20777
20778
110891
20779
110892
20780
110893
110894
110895
110896
110897
20785
20786
20787
20788
20789
20790
20791
20792
20793
20794
20795
20796
20797
20798
20799
20800
20801
20802
20803
20804
20805
20806
20807
20808
20809
20810
20811
20812
20813
20814
20815
20816
20817
20818
20819
20820
12628
20821
12629
20822
12630
20823
12631
20824
20825
20826
20827
20828
20830
20831
20834
29028
110955
110956
110957
110958
110959
110960
110961
110962
110963
110964
12692
12693
12694
12695
12696
12697
29092
29093
111019
111020
111021
111022
111023
111024
111025
111026
111027
111028
111029
111030
111031
111032
111033
111034
111035
111039
111040
111041
111042
111043
111044
111045
111046
111047
111048
111049
111050
111051
111052
111053
111054
111055
111056
111057
111058
111059
111060
12756
111061
12757
111062
12758
111063
12759
111064
12760
111065
12761
111066
12762
111067
111068
111069
111070
111071
111072
111073
111074
111075
111076
29156
29157
29158
29159
4627
12820
12821
12822
12823
12824
12825
12826
12827
12828
29220
29221
29222
29223
29224
29225
4691
12884
4692
12885
4693
12886
12887
12888
12889
12890
12891
12892
12893
29284
29285
29286
29287
29288
29289
29290
4755
12948
4756
12949
4757
12950
4758
12951
12952
12953
12954
12955
12956
12957
29348
29349
29350
29351
29352
29353
29354
29355
29356
4819
13012
4820
13013
4821
13014
4822
13015
4823
13016
4824
13017
13018
13019
29412
29413
29414
29415
29416
29417
29418
29419
29420
29421
4883
13076
4884
13077
4885
13078
4886
13079
4887
13080
4888
13081
4889
13082
13083
13084
13085
29476
29477
29478
29479
29480
29481
29482
29483
29484
29485
4947
13140
4948
13141
4949
13142
4950
70486
13143
4951
70487
13144
4952
13145
4953
13146
4954
13147
4955
13148
13149
13151
13152
13153
13154
13155
29540
13156
29541
13157
29542
13158
29543
29544
29545
29546
13162
13163
13164
13165
13166
13167
13168
13169
13170
13171
13172
13173
13174
13175
13176
13177
13178
13179
13180
13181
13182
13183
13184
13185
13186
13187
13188
13189
13190
13191
13192
13193
13194
13195
13196
13197
13198
13199
13200
13201
13202
13203
5011
13204
5012
13205
5013
5014
70550
13207
5015
70551
13208
5016
70552
5017
70553
5018
13211
5019
5020
5021
29604
29605
29606
29607
29608
29609
29610
29611
29612
29613
5075
5076
5077
5078
70614
5079
70615
5080
70616
5081
70617
5082
70618
5083
5084
29668
29669
29670
29671
29672
29673
29674
29675
29676
29677
29679
29680
29681
29682
29683
29684
29685
29690
29691
29692
29693
29694
29695
29696
29697
29698
29699
29700
29701
29702
29703
29704
29705
29706
29707
29708
29709
29710
29711
29712
29713
29714
5139
29715
5140
29716
5141
29717
5142
29718
70678
5143
29719
70679
5144
29720
70680
5145
29721
70681
87065
5146
29722
70682
87066
29723
70683
29724
70684
29725
29726
29727
29728
29729
29730
29731
29732
29734
29735
29738
5203
5204
5205
5206
70742
5207
70743
5208
70744
5209
70745
87129
5210
70746
87130
5211
70747
87131
5212
70748
87132
70749
70750
54377
54378
5267
5268
5269
5270
70806
5271
70807
5272
70808
5273
70809
87193
5274
70810
87194
5275
70811
87195
5276
70812
87196
70813
87197
70814
5279
70815
5280
5281
5282
5283
5284
5285
5286
54441
5290
54442
5291
54443
5292
54444
5293
5294
5295
5296
5297
5298
5299
5301
136374
5302
136375
5303
5304
5305
5306
5307
5308
5309
5310
5311
5312
5313
5314
5315
5316
5317
5318
5319
5320
5321
5322
5323
5324
5325
5326
5328
5329
5330
5331
5332
5333
70870
5335
70871
5336
70872
5337
70873
87257
5338
70874
87258
70875
87259
70876
87260
5341
70877
87261
5342
70878
87262
5343
87263
5346
54505
54506
54507
54508
54509
136438
136439
136440
70934
70935
70936
70937
87321
70938
87322
70939
87323
70940
87324
87325
87326
87327
87328
87329
54569
54570
54571
54572
54573
54574
54575
136502
136503
136504
136505
136506
70998
70999
71000
71001
87385
71002
87386
71003
87387
71004
87388
71005
87389
71006
87390
71007
87391
87392
87393
87394
54633
54634
54635
54636
54637
54638
54639
54640
54641
136566
136567
136568
136569
136570
136571
136572
71062
71063
71064
71065
87449
71066
87450
71067
87451
71068
87452
71069
87453
71070
87454
71071
87455
87456
71073
87457
71074
71075
71076
71077
71078
71079
54697
54698
54699
71083
54700
71084
54701
71085
54702
71086
54703
71087
54704
71088
54705
71089
54706
71090
71091
71092
71093
136630
71094
136631
71095
136632
71096
136633
71097
136634
71098
136635
71099
136636
71100
136637
71101
136638
71102
71103
71104
71105
71106
71107
71108
71109
71110
71111
71112
71113
71114
71115
71116
71117
71118
71119
71120
71121
71122
71123
87513
87514
87515
87516
87517
87518
87519
54761
54762
54763
54764
54765
54766
54767
54768
54769
136694
136695
136696
136697
136698
136699
136700
136701
136702
136703
87577
87578
87579
87580
87581
87582
87583
87584
87585
87586
54825
54826
54827
54828
54829
54830
54831
136758
136759
136760
136761
136762
136763
136764
136765
136766
87641
87642
87643
87644
87645
87646
87647
87648
87649
87650
87652
87653
87654
87655
87656
54889
87657
54890
87658
54891
54892
54893
54894
87662
54895
87663
54896
87664
54897
87665
54898
87666
87667
87668
87669
136822
87670
136823
87671
136824
87672
136825
87673
136826
87674
136827
87675
136828
87676
87677
87678
87679
87680
87681
87682
87683
87684
87685
87686
87687
87688
87689
87690
87691
87692
87693
87694
87695
87696
87697
87698
87699
87700
54953
54954
54955
54956
54957
54958
54959
54960
54961
54962
54964
54965
136886
54966
136887
54967
136888
54968
136889
54969
136890
54970
136891
136892
136893
136894
54974
136895
54975
54976
54977
54978
54979
54980
54981
54982
54984
54985
54986
54987
54988
54989
54990
54991
54992
54993
54994
54995
54996
54997
54998
54999
55000
55001
55002
55003
55004
55005
55006
55007
55008
55009
55010
55011
55012
55013
55014
55015
55016
136950
136951
136952
136953
136954
136955
136956
136957
136958
136959
136960
136961
136962
136963
136964
136965
136966
136970
136971
136972
136973
136974
136975
136976
136977
136978
136979
136980
136981
136982
136983
136984
136985
136986
136987
136988
136989
136990
136991
136992
136993
136994
136995
136996
136997
136998
136999
137000
137001
137002
137003
137004
137005
104293
104294
104357
104358
104359
169920
104421
104422
104423
104424
104425
38891
38892
169984
169985
169986
104485
104486
104487
104488
104489
104490
38955
104491
38956
38957
38958
170048
170049
170050
170051
170052
104549
104550
104551
104552
104553
104554
39019
104555
39020
104556
39021
104557
39022
39023
170112
170113
170114
170115
170116
170117
170118
104613
104614
104615
104616
104617
104618
39083
104619
39084
104620
39085
104621
39086
104622
39087
39088
39089
170176
170177
170178
170179
170180
170181
170182
170183
170184
104677
104678
104679
104680
104681
104682
104683
39147
104684
39148
104685
39149
39150
39151
39152
39153
39154
39155
170240
170241
170242
170243
170244
170245
170246
170247
170248
170249
104741
104742
104743
104744
104745
104746
104747
39211
39212
39213
39214
39215
39216
39217
39218
39219
39220
170304
170305
170306
170307
170308
170309
170310
170311
170312
6480
104805
104806
104807
104808
104809
104810
104811
39275
104812
39276
104813
39277
104814
39278
39279
39280
39281
39282
39283
39284
170368
170369
170370
170371
170372
170373
170374
6544
14737
6545
6546
104869
104870
104871
104872
104873
104874
104875
39339
104876
39340
104877
39341
104878
39342
104879
39343
104880
39344
104881
39345
104882
104883
104884
104885
104889
104890
104891
104892
104893
104894
104895
170432
104896
170433
104897
170434
104898
170435
104899
170436
104900
170437
104901
170438
104902
170439
104903
170440
104904
170441
104905
104906
104907
104908
104909
104910
104911
104912
6608
104913
14801
6609
104914
14802
6610
104915
6611
104916
104917
104918
104919
104920
104921
104922
104923
104924
104925
104926
39403
39404
39405
39406
39407
39408
39409
39410
39411
39412
6672
14865
6673
14866
6674
14867
6675
14868
6676
6677
39467
39468
39469
39470
39471
39472
39473
39474
39475
39476
39478
39479
39480
39481
39482
39483
39484
39488
39489
39490
39491
39492
39493
39494
39495
39496
39497
39498
39499
39500
39501
39502
39503
6736
39504
14929
6737
39505
14930
6738
39506
14931
6739
39507
14932
6740
39508
14933
6741
39509
14934
6742
39510
39511
39512
39513
39514
39515
39516
39517
39518
39519
39520
39521
39522
39523
39524
39525
39526
39527
39528
39529
39530
6800
14993
6801
14994
6802
14995
6803
14996
6804
14997
6805
14998
6806
14999
6807
6808
6864
15057
6865
15058
6866
15059
6867
15060
6868
15061
6869
15062
6870
15063
6871
15064
6872
15065
6873
6874
129782
129783
6928
15121
6929
15122
6930
15123
6931
15124
6932
15125
6933
15126
6934
15127
6935
15128
6936
15129
6937
15130
129846
129847
129848
6992
15185
6993
15186
6994
15187
6995
15188
6996
15189
6997
15190
6998
15191
6999
15192
15193
15194
129910
129911
129912
129913
129914
7056
15249
7057
15250
7058
15251
7059
15252
7060
15253
7061
15254
7062
15255
7063
15256
7064
7065
129974
129975
129976
129977
129978
129979
129980
7120
15313
7121
15314
7122
15315
7123
15316
7124
15317
7125
15318
7126
15319
7127
15320
7128
15321
7129
15322
7131
7132
7133
7134
7135
7136
7137
7138
7142
7143
7144
7145
7146
7147
7148
7149
7150
7151
7153
7154
7155
7156
7157
130038
7158
130039
7159
130040
7160
130041
7161
130042
7162
130043
7163
130044
7164
130045
7165
130046
7166
7167
7168
7169
7170
7171
7172
7173
7174
7175
7176
7177
7178
7179
7180
7181
7182
7183
7184
15377
7185
15378
7186
15379
7187
15380
15381
15382
7190
15383
7191
15384
7192
15385
15386
7195
15388
15389
15390
15391
15392
15393
15394
15399
15400
15401
15402
15403
15404
15405
15406
15407
15408
15409
15410
15411
15412
15413
130102
15414
130103
15415
130104
15416
130105
15417
130106
15418
130107
15419
130108
15420
130109
15421
130110
15422
130111
15423
15424
15425
15426
15427
15428
15429
15430
15431
15432
15433
15434
15435
15436
15437
15438
15439
15440
15441
15442
15444
15445
15448
130166
130167
130168
130169
130170
130171
130172
130173
130174
130230
130231
130232
130233
130234
130235
130236
130294
130295
130296
130297
130298
130299
130300
130301
130302
130303
130358
130359
130360
130361
130362
130363
130364
130365
130366
130367
130368
130369
130370
130371
130372
130373
130374
130378
130379
130380
130381
130382
130383
130384
130385
130386
130387
130388
130389
130390
163159
130391
130392
130393
130394
130395
130396
130397
130398
130399
130400
130401
130402
130403
130404
130405
130406
130407
130408
130409
130410
130411
130412
130413
130414
163223
163224
163225
163287
163288
163289
163290
163291
163351
163352
163353
163354
163355
163356
163357
65061
65062
81478
81479
163415
163416
163417
163418
163419
163420
163421
163422
163423
65125
65126
65127
65128
81542
81543
81544
81545
163479
163480
163481
163482
163483
163484
163485
163486
163487
163488
65189
65190
65191
65192
65193
81606
81607
81608
81609
81610
163543
163544
163545
163546
163547
163548
163549
163550
163551
65253
65254
65255
65256
65257
65258
65259
81670
81671
81672
81673
81674
81675
81676
163607
163608
163609
163610
163611
163612
163613
65317
65318
65319
65320
65321
65322
65323
65324
65325
81734
81735
81736
81737
81738
81739
81740
81741
81742
24401
163671
163672
163673
163674
163675
163676
163677
163678
163679
163680
65381
65382
65383
65384
65385
65386
65387
65388
65389
65390
81798
81799
81800
81801
81802
81803
81804
81805
81806
81807
24465
24466
163735
163736
163737
163738
163739
163740
163741
163742
163743
163744
163745
163746
163747
163748
163749
65445
163750
65446
163751
65447
65448
65449
163754
65450
163755
65451
163756
65452
163757
65453
163758
163759
163760
163761
163762
163763
163764
163765
163766
163767
163768
163769
163770
163771
163772
163773
163774
163775
163776
163777
163778
163779
163780
163781
163782
81862
163783
81863
163784
81864
163785
81865
163786
81866
163787
81867
81868
81869
81870
24529
24530
24531
24532
65509
65510
65511
65512
65513
65514
65515
49134
49135
)


// ************************************************************************* //
