/*--------------------------------*- C++ -*----------------------------------*\
| =========                 |                                                 |
| \\      /  F ield         | OpenFOAM: The Open Source CFD Toolbox           |
|  \\    /   O peration     | Version:                                        |
|   \\  /    A nd           | Website:  www.openfoam.com                      |
|    \\/     M anipulation  |                                                 |
\*---------------------------------------------------------------------------*/
FoamFile
{
    version     2.0;
    format      ascii;
    class       faceSet;
    location    "constant/polyMesh/sets";
    object      nonOrthoFaces;
}
// * * * * * * * * * * * * * * * * * * * * * * * * * * * * * * * * * * * * * //


3473
(
319501
319503
376847
319504
376848
319506
376850
319507
376851
319509
376853
319510
376854
319512
376856
319513
376857
319515
376859
319516
376860
319518
376862
319519
376863
319521
376865
319522
376866
319524
376868
319525
376869
319527
376871
319528
376872
319530
376874
319531
376875
319533
376877
319534
376878
319536
376880
319537
376881
319539
376883
319540
376884
319542
376886
319543
376887
319545
376889
319546
376890
319548
376892
319549
376893
319552
319670
377014
319673
377017
319676
377020
319679
377023
319682
377026
319685
377029
319688
377032
319691
377035
319694
377038
319697
377041
319700
377044
319703
377047
319706
377050
319709
377053
319712
377056
319715
377059
475487
475488
475490
475491
475493
475494
106855
106856
475496
475497
106858
106859
475499
475500
106861
106862
475502
475503
106864
106865
475505
475506
106867
106868
475508
475509
106870
106871
475511
475512
106873
106874
475514
475515
106876
106877
475517
475518
106879
106880
475520
475521
106882
106883
475523
475524
106885
106886
475526
475527
106888
106889
475529
475530
106891
106892
106894
106895
106897
106898
106900
106901
106903
106904
106906
106907
106909
106910
106912
106913
106915
106916
106918
106919
106922
491968
491969
491970
491971
491972
491973
491974
491975
491976
491977
491978
491979
491980
491981
491982
491983
491984
491985
491986
491987
491988
491989
491990
491991
491992
491993
491994
491995
491996
491997
107010
475651
107012
475652
107013
475654
107015
475655
107016
475657
107018
475658
107019
475660
107021
475661
107022
475663
107024
475664
107025
475666
107027
475667
107028
475669
107030
475670
107031
475672
107033
475673
107034
475675
107036
475676
107037
475678
107039
475679
107040
475681
107042
475682
107043
475684
107045
475685
107046
475687
107048
475688
107049
475690
107051
475691
107052
492077
475693
492078
107054
475694
492079
107055
492080
492081
107057
492082
107058
492083
492084
107060
492085
107061
492086
492087
107063
492088
107064
492089
492090
107066
492091
107067
492092
492093
107069
492094
107070
492095
492096
107072
492097
107073
492098
492099
492100
107076
492101
492102
492103
492104
492105
492106
492188
492189
492190
492191
107167
492192
107168
492193
492194
107170
492195
107171
492196
492197
107173
492198
107174
492199
492200
107176
492201
107177
492202
475818
492203
107179
475819
492204
107180
492205
475821
492206
107182
475822
492207
107183
492208
475824
492209
107185
475825
492210
107186
492211
475827
492212
107188
475828
492213
107189
492214
475830
492215
107191
475831
492216
107192
492217
475833
107194
475834
107195
475836
107197
475837
107198
475839
107200
475840
107201
475842
107203
475843
107204
475845
107206
475846
107207
475848
107209
475849
107210
475851
107212
475852
107213
475854
107215
475855
107216
475857
107218
475858
107219
475860
107221
475861
107222
107224
107225
107227
107228
107231
492301
492303
492305
492307
492309
492311
492313
492315
492317
492319
492321
492323
492325
492327
492329
107325
107328
107331
107334
107337
107340
107343
107346
475988
107349
475991
107352
475994
107355
475997
107358
476000
107361
476003
107364
476006
107367
476009
107370
476012
107373
476015
107376
476018
107379
476021
107382
476024
107385
476027
476030
435601
435602
435604
435605
435607
435608
435610
435611
435613
435614
435616
435617
435619
435620
435622
435623
435625
435626
435628
435629
435631
435632
435634
435635
435637
435638
435640
435641
435643
435644
435647
435765
435766
435768
435769
435771
435772
435774
435775
435777
435778
435780
435781
435783
435784
435786
435787
435789
435790
435792
435793
435795
435796
435798
435799
435801
435802
435804
435805
435807
435808
435811
435932
435933
435935
435936
435938
435939
435941
435942
435944
435945
435947
435948
435950
435951
435953
435954
435956
435957
435959
435960
435962
435963
435965
435966
435968
435969
435971
435972
435974
435975
435978
436099
436102
436105
436108
436111
436114
436117
436120
436123
436126
436129
436132
436135
436138
436141
92128
92129
92131
92132
92134
92135
92137
92138
92140
92141
92143
92144
92146
92147
92149
92150
92152
92153
92155
92156
92158
92159
92161
92162
92164
92165
92167
92168
92170
92171
92173
92174
92176
92177
92179
92180
92182
92183
92185
92186
92188
92189
92191
92192
92195
337994
337995
337997
337998
338000
338001
338003
338004
338006
338007
338009
338010
338012
338013
338015
338016
338018
338019
338021
338022
338024
338025
338027
338028
338030
338031
338033
338034
338036
338037
338039
92280
338040
92281
338042
92283
338043
92284
92286
338046
92287
92289
92290
92292
92293
92295
92296
92298
92299
92301
92302
92304
92305
92307
92308
92310
92311
92313
92314
92316
92317
92319
92320
92322
92323
92325
92326
92328
92329
92331
92332
92334
92335
92337
92338
92340
92341
92343
92344
92347
338158
338159
338161
338162
338164
338165
338167
338168
338170
338171
338173
338174
338176
338177
338179
338180
338182
338183
338185
338186
338188
338189
338191
338192
338194
92435
338195
92436
92437
338197
338198
92439
92440
338200
338201
92442
92443
338203
338204
92445
92446
338206
338207
92448
92449
338210
92451
92452
92454
92455
92457
92458
92460
92461
92463
92464
92466
92467
92469
92470
92472
92473
92475
92476
92478
92479
92481
92482
92484
92485
92487
92488
92490
92491
92493
92494
92496
92497
92500
338325
338326
338327
338329
338330
338332
338333
338335
338336
338338
338339
338341
338342
338344
338345
338347
338348
338350
92591
338351
338353
92594
338354
338356
92597
338357
338359
92600
338360
338362
92603
338363
338365
92606
338366
338368
92609
338369
338371
92612
338372
92615
338375
92618
92621
92624
92627
92630
92633
92636
92639
92642
92645
92648
92651
338493
338496
338499
338502
338505
338508
338511
338514
338517
338520
338523
338526
338529
338532
338535
338538
396061
396063
396064
396066
396067
396069
396070
396072
396073
396075
396076
396078
396079
396081
396082
396084
396085
396087
396088
396090
396091
396093
396094
396096
396097
396099
396100
396102
396103
396105
396106
396108
396109
396227
396228
396230
396231
396233
396234
396236
396237
396239
396240
396242
396243
396245
396246
396248
396249
396251
396252
396254
396255
396257
396258
396260
396261
396263
396264
396266
396267
396269
396270
396272
396273
396391
396392
396394
396395
396397
396398
396400
396401
396403
396404
396406
396407
396409
396410
396412
396413
396415
396416
396418
396419
396421
396422
396424
396425
396427
396428
396430
396431
396433
396434
396437
396558
396561
396564
396567
396570
396573
396576
396579
396582
396585
396588
396591
396594
396597
396600
233217
233219
233220
233222
216839
233223
216840
233225
216842
233226
216843
233228
216845
233229
216846
233231
216848
233232
216849
233234
216851
233235
216852
233237
216854
233238
216855
233240
216857
233241
216858
233243
216860
233244
216861
233246
216863
233247
216864
233249
216866
233250
216867
233252
216869
233253
216870
233255
216872
233256
216873
233258
216875
233259
216876
233261
216878
233262
216879
233264
216881
233265
216882
233267
216884
233268
216885
233270
216887
233271
216888
216890
233274
216891
216893
216894
216896
216897
200606
200607
200609
200610
200612
233380
200613
233381
200615
233383
200616
233384
200618
233386
200619
217003
233387
217004
200621
217005
233389
200622
233390
217007
200624
217008
233392
200625
233393
217010
200627
217011
233395
200628
233396
217013
200630
217014
233398
200631
233399
217016
200633
217017
233401
200634
233402
217019
200636
217020
233404
200637
233405
217022
200639
217023
233407
200640
233408
217025
200642
217026
233410
200643
233411
249795
217028
249796
200645
217029
233413
249797
200646
233414
217031
249799
200648
217032
233416
249800
200649
233417
217034
249802
200651
217035
233419
249803
200652
233420
217037
249805
200654
217038
233422
249806
200655
233423
217040
249808
200657
217041
233425
249809
200658
233426
217043
249811
200660
217044
233428
249812
200661
233429
217046
249814
200663
217047
233431
249815
200664
233432
217049
249817
217050
249818
233435
217052
249820
217053
249821
217055
249823
217056
249824
217058
249826
217059
249827
249829
249830
249832
249833
249835
249836
249838
249839
249841
249842
249844
249845
249847
249848
249851
77830
77831
77833
77834
77836
77837
77839
77840
77842
77843
77845
77846
77848
77849
77851
77852
77854
77855
77857
77858
77860
77861
77863
77864
77866
77867
77869
77870
77872
77873
77875
77876
77878
77879
77881
77882
77884
77885
77887
200767
77888
200769
77890
200770
77891
200772
77893
200773
77894
200775
77896
200776
233544
77897
233545
200778
200779
233547
233548
200781
200782
233550
233551
200784
217168
200785
217169
233553
233554
200787
217171
200788
217172
233556
233557
200790
217174
200791
217175
233559
233560
200793
217177
200794
217178
233562
233563
200796
217180
200797
217181
233565
233566
200799
217183
200800
217184
233568
233569
200802
217186
200803
217187
233571
233572
200805
217189
249957
200806
217190
233574
249958
233575
200808
217192
249960
200809
217193
233577
249961
233578
200811
217195
249963
200812
217196
233580
249964
233581
200814
217198
249966
200815
217199
233583
249967
233584
200817
217201
249969
200818
217202
233586
249970
233587
200820
217204
249972
200821
217205
233589
249973
233590
200823
217207
249975
200824
217208
233592
249976
233593
217210
249978
217211
233595
249979
233596
217213
249981
217214
249982
233599
217216
249984
217217
249985
217219
249987
217220
249988
249990
217223
249991
249993
249994
249996
249997
249999
250000
250002
250003
250005
250006
77976
250008
77977
250009
77979
77980
250012
77982
77983
77985
77986
77988
77989
77991
77992
77994
77995
77997
77998
78000
78001
78003
78004
78006
78007
78009
78010
78012
78013
78015
78016
184512
184513
78018
78019
184515
184516
78021
78022
184518
184519
78024
78025
184521
184522
78027
78028
184524
184525
78030
78031
184527
184528
78033
78034
184530
184531
78036
78037
184533
184534
78039
78040
184536
184537
78042
78043
184539
184540
184542
184543
184545
184546
200930
200931
184548
184549
200933
200934
184551
184552
200936
200937
184554
184555
200939
200940
184557
184558
200942
200943
233711
184560
184561
200945
200946
233714
184563
184564
200948
200949
233717
184566
184567
200951
217335
200952
233720
184569
184570
200954
217338
200955
233723
200957
217341
200958
233726
200960
217344
200961
233729
200963
217347
200964
233732
200966
217350
200967
233735
200969
217353
250121
200970
233738
250122
200972
217356
250124
200973
233741
250125
200975
217359
250127
200976
233744
250128
200978
217362
250130
200979
233747
250131
200981
217365
250133
200982
233750
250134
200984
217368
250136
200985
233753
250137
217371
250139
233756
250140
217374
250142
233759
250143
217377
250145
233762
250146
217380
250148
250149
217383
250151
250152
217386
250154
250155
78125
250157
250158
78127
78128
250160
250161
78130
78131
250163
250164
78133
78134
250166
250167
78136
78137
250169
250170
78139
78140
250172
250173
78142
78143
250176
78145
78146
78148
78149
266566
78151
266567
78152
266569
78154
266570
78155
266572
78157
266573
78158
266575
78160
266576
78161
266578
78163
266579
78164
266581
78166
266582
78167
266584
78169
266585
78170
266587
78172
266588
78173
266590
78175
266591
78176
184673
266593
78178
184674
266594
78179
184676
266596
78181
184677
266597
78182
184679
266599
78184
184680
266600
78185
184682
266602
78187
184683
266603
78188
184685
266605
78190
184686
266606
78191
184688
266608
184689
266609
184691
266611
184692
266612
184694
266614
184695
266615
184697
266617
184698
266618
184700
184701
184703
184704
184706
184707
184709
184710
201094
184712
184713
201097
184715
184716
201100
184718
184719
201103
184721
184722
201106
184724
184725
201109
184727
184728
201112
184730
184731
201115
201118
201121
201124
201127
201130
201133
201136
250288
201139
250291
201142
250294
201145
250297
201148
250300
250303
250306
250309
78279
250312
78282
250315
78285
250318
78288
250321
78291
250324
78294
250327
78297
250330
78300
250333
78303
250336
78306
250339
78309
266727
78312
266728
266730
78315
266731
266733
78318
266734
266736
78321
266737
266739
78324
266740
266742
78327
266743
266745
78330
266746
266748
78333
266749
266751
78336
266752
266754
78339
266755
184837
266757
78342
184838
266758
184839
266760
184841
266761
184842
266763
184844
266764
184845
266766
184847
266767
184848
266769
184850
266770
184851
266772
184853
266773
184854
266775
184856
266776
184857
266778
184859
266779
184860
184862
184863
184865
184866
184868
184869
184871
184872
184874
184875
184877
184878
184880
184881
184883
184884
184886
184887
184889
184890
184892
184893
512626
512627
168587
266891
168588
266892
168590
266894
168591
266895
168593
266897
168594
266898
168596
266900
168597
266901
168599
266903
168600
266904
168602
266906
168603
266907
168605
266909
168606
266910
168608
266912
168609
266913
168611
266915
168612
266916
168614
266918
168615
266919
168617
266921
168618
185002
266922
168620
266924
168621
185005
266925
168623
266927
168624
185008
266928
512689
512690
168626
266930
168627
185011
266931
168629
266933
168630
185014
266934
168632
266936
168633
185017
266937
168635
266939
168636
185020
266940
168638
266942
168639
185023
266943
168641
168642
185026
168644
168645
185029
168648
185032
185035
185038
185041
185044
185047
185050
185053
185056
512756
512758
357124
357125
357127
357128
357130
357131
357133
357134
357136
357137
357139
357140
357142
357143
357145
357146
357148
357149
357151
357152
357154
357155
357157
357158
357160
357161
357163
168748
357164
168749
357166
168751
357167
168752
357169
168754
267058
357170
168755
357172
512821
168757
267061
357173
512822
168758
512823
168760
267064
168761
168763
267067
168764
168766
267070
168767
168769
267073
168770
168772
267076
168773
168775
267079
168776
168778
267082
168779
168781
267085
168782
168784
267088
168785
168787
267091
168788
168790
267094
168791
168793
267097
168794
168796
267100
168797
168799
267103
168800
168802
267106
168803
168805
267109
168806
168809
455531
455532
455534
455535
455537
455538
455540
512885
455541
512887
455543
512888
455544
455546
455547
455549
455550
455552
455553
455555
455556
455558
455559
455561
455562
455564
455565
455567
455568
455570
455571
455573
455574
455577
357288
357290
357291
357293
357294
357296
357297
357299
357300
357302
357303
357305
357306
283580
357308
283581
357309
283583
357311
283584
357312
283586
357314
283587
357315
283589
357317
283590
357318
283592
357320
283593
357321
283595
357323
512972
283596
357324
512973
512974
283598
357326
512975
283599
357327
168912
283601
357329
168914
283602
357330
168915
283604
357332
168917
283605
357333
168918
283607
357335
168920
283608
357336
168921
283610
168923
283611
168924
283613
168926
283614
168927
283616
168929
283617
168930
283619
168932
283620
168933
283622
168935
283623
168936
283625
168938
283626
168939
283628
168941
283629
168942
283631
168944
283632
168945
168947
168948
168950
168951
168953
168954
168956
168957
168959
168960
168962
168963
168965
168966
168968
168969
168972
455695
455696
455698
513043
455699
513045
455701
513046
455702
513047
513048
455704
455705
455707
455708
455710
455711
455713
455714
455716
455717
455719
455720
455722
455723
455725
455726
455728
455729
455731
455732
455734
455735
455737
455738
357454
357455
357457
357458
357460
357461
357463
357464
357466
357467
357469
513118
357470
513119
513120
283744
357472
513121
283745
357473
513122
283747
357475
283748
357476
283750
357478
283751
357479
283753
357481
283754
357482
283756
357484
283757
357485
283759
357487
283760
357488
283762
357490
283763
357491
283765
357493
169078
283766
357494
283768
357496
169081
283769
357497
283771
357499
169084
283772
357500
283774
169087
283775
283777
169090
283778
283780
169093
283781
283783
169096
283784
283786
169099
283787
283789
169102
283790
283792
169105
283793
283795
169108
283796
169111
169114
169117
169120
169123
169126
169129
513195
513196
169132
513197
513198
513200
455862
455863
455865
455866
455868
455869
455871
455872
455874
455875
455877
455878
455880
455881
455883
455884
455886
455887
455889
455890
455892
455893
455895
455896
455898
455899
455901
455902
455904
455905
357621
152824
357624
152825
152826
357627
152828
513277
152829
513278
357630
513279
152831
513280
152832
513281
357633
152834
152835
283908
357636
152837
283909
152838
283911
357639
152840
283912
152841
283914
357642
152843
283915
152844
283917
357645
152846
283918
152847
283920
357648
152849
283921
152850
283923
357651
152852
283924
152853
283926
357654
152855
283927
152856
283929
357657
152858
283930
152859
283932
357660
152861
283933
152862
283935
357663
152864
283936
152865
283938
357666
152867
283939
152868
283941
152870
283942
152871
283944
152873
283945
152874
283947
152876
283948
152877
283950
152879
283951
152880
283953
152882
283954
152883
283956
283957
152886
283959
283960
513359
513360
513361
513363
513364
456029
456032
456035
456038
456041
456044
456047
456050
456053
456056
456059
456062
456065
456068
456071
152983
152984
152986
152987
152989
152990
152992
152993
152995
152996
513445
513446
152998
513447
152999
513448
513449
153001
153002
284075
153004
153005
284078
153007
153008
284081
153010
153011
284084
153013
153014
284087
153016
153017
284090
153019
153020
284093
153022
153023
284096
153025
153026
284099
153028
153029
284102
153031
153032
284105
153034
153035
284108
153037
153038
284111
153040
153041
284114
153044
284117
284120
284123
284126
513529
513530
513532
513533
513534
153144
153146
153147
153149
153150
153152
153153
153155
153156
153158
153159
153161
153162
153164
153165
153167
153168
153170
153171
153173
153174
153176
513625
153177
513626
513627
153179
513628
153180
153182
153183
153185
153186
153188
153189
153191
153192
153194
153195
153197
153198
153200
153201
153204
513715
513716
513717
513718
153307
153310
153313
153316
153319
153322
153325
153328
153331
153334
153337
153340
153343
153346
153349
153352
153355
153358
153361
513824
513825
513826
513827
300930
300931
300933
300934
300936
300937
300939
300940
300942
300943
300945
300946
300948
513941
300949
513942
513943
300951
513944
300952
513945
300954
300955
300957
300958
300960
300961
300963
300964
300966
300967
300969
300970
300972
300973
300975
300976
300978
300979
300981
300982
514068
514069
514070
514071
514073
415772
415773
415774
415776
415777
415779
415780
301094
415782
301095
415783
301097
415785
301098
415786
301100
415788
301101
415789
301103
415791
301104
415792
301106
415794
301107
415795
301109
415797
301110
415798
137271
301112
415800
137273
301113
415801
137274
301115
415803
137276
301116
415804
137277
301118
415806
137279
301119
415807
137280
301121
415809
137282
301122
415810
137283
301124
415812
137285
301125
415813
137286
301127
415815
137288
301128
415816
137289
301130
137291
301131
415819
137292
301133
137294
301134
137295
301136
137297
301137
137298
301139
137300
301140
137301
301142
137303
301143
137304
137306
301146
137307
137309
137310
137312
137313
137315
137316
137318
137319
137321
137322
137324
137325
137327
137328
137330
137331
137333
137334
514203
514204
514205
514206
514207
415937
415938
415940
415941
415943
415944
415946
415947
301261
415949
301262
415950
301264
415952
301265
415953
301267
415955
137428
301268
415956
137429
301270
415958
137431
301271
415959
137432
301273
415961
137434
301274
415962
137435
301276
415964
137437
301277
415965
137438
301279
415967
137440
301280
415968
137441
301282
415970
137443
301283
415971
137444
301285
415973
137446
301286
415974
137447
301288
415976
137449
301289
415977
137450
301291
415979
137452
301292
415980
137453
301294
137455
301295
415983
137456
301297
137458
301298
137459
301300
137461
301301
137462
301303
137464
301304
137465
301306
137467
301307
137468
301309
137470
301310
137471
137473
301313
137474
137476
137477
137479
137480
137482
137483
137485
137486
137488
137489
514340
514341
514342
514344
514345
416101
416102
416104
416105
416107
416108
416110
416111
416113
137586
416114
137587
416116
137589
416117
137590
301431
416119
137592
301432
416120
137593
416122
137595
301435
416123
137596
416125
137598
301438
416126
137599
416128
137601
301441
416129
137602
416131
137604
301444
416132
137605
416134
137607
301447
416135
137608
416137
137610
301450
416138
137611
416140
137613
301453
416141
137614
416143
137616
301456
416144
137617
137619
301459
416147
137620
137622
301462
137623
137625
301465
137626
137628
301468
137629
137631
301471
137632
137634
301474
137635
137637
301477
137638
137640
137641
137643
137644
137646
137647
514483
514484
514485
514486
514487
416268
416271
416274
416277
137750
137751
416280
137754
416283
137757
416286
137760
416289
137763
416292
137766
416295
137769
416298
137772
416301
137775
416304
137778
416307
137781
416310
137784
137787
137790
137793
514627
514628
137796
514630
514631
137799
514632
137802
137805
137808
64140
64141
64143
64144
64146
64147
64149
64150
64152
64153
64155
64156
64158
64159
64161
64162
64164
64165
64167
64168
64170
64171
64173
64174
64176
64177
64179
64180
64182
64183
64185
64186
64188
64189
64191
64192
64194
64195
64197
64198
64200
64201
64203
64204
64206
64207
514780
514781
514782
514783
64280
64281
64283
64284
64286
64287
64289
64290
64292
64293
64295
64296
64298
64299
64301
64302
64304
64305
64307
64308
64310
64311
64313
64314
64316
64317
64319
64320
64322
64323
64325
64326
64328
64329
64331
64332
64334
64335
64337
64338
64340
64341
64343
64344
64346
64347
514936
514937
514938
514939
64423
64425
64426
64428
64429
64431
64432
64434
64435
64437
64438
64440
64441
64443
64444
64446
64447
64449
64450
64452
64453
64455
64456
64458
64459
64461
64462
64464
64465
64467
64468
64470
64471
64473
64474
64476
64477
64479
64480
64482
64483
64485
64486
64488
64489
515089
515090
515091
515092
64571
121915
121916
64574
121918
121919
64577
121921
121922
64580
121924
121925
64583
121927
121928
64586
121930
121931
64589
121933
121934
64592
121936
121937
64595
121939
121940
64598
121942
121943
64601
121945
121946
64604
121948
121949
64607
121951
121952
64610
121954
121955
64613
121957
121958
64616
121960
121961
64619
121963
121964
64622
121966
121967
64625
121969
121970
64628
121972
121973
64631
121975
121976
64634
121978
121979
515234
515235
515236
515237
122073
122074
122075
122077
122078
122080
122081
122083
122084
122086
122087
122089
122090
122092
122093
122095
122096
122098
122099
122101
122102
122104
122105
122107
122108
122110
122111
122113
122114
122116
122117
122119
122120
122122
122123
122125
122126
122128
122129
122131
122132
122134
122135
122232
122233
122235
122236
122238
122239
122241
122242
122244
122245
122247
122248
122250
122251
122253
122254
122256
122257
122259
122260
122262
122263
122265
122266
122268
122269
122271
122272
122274
122275
122277
122278
122280
122281
122283
122284
122286
122287
122289
122290
122292
122293
122393
122396
122399
122402
122405
122408
122411
122414
122417
122420
122423
122426
122429
122432
122435
122438
122441
122444
122447
122450
122453
319170
319171
319173
319174
376518
376519
319176
319177
376521
376522
319179
319180
376524
376525
319182
319183
376527
376528
319185
319186
376530
376531
319188
319189
376533
376534
319191
319192
376536
376537
319194
319195
376539
376540
319197
319198
376542
376543
319200
319201
376545
376546
319203
319204
376548
376549
319206
319207
376551
376552
319209
319210
376554
376555
319212
319213
376557
376558
319215
319216
376560
376561
319218
319219
376563
376564
319222
376566
376567
319334
319335
319337
319338
376682
376683
319340
376684
319341
376686
319343
376687
319344
376689
319346
376690
319347
376692
319349
376693
319350
376695
319352
376696
319353
376698
319355
376699
319356
376701
319358
376702
319359
376704
319361
376705
319362
376707
319364
376708
319365
376710
319367
376711
319368
376713
319370
376714
319371
376716
319373
376717
319374
376719
319376
376720
319377
376722
319379
376723
319380
376725
319382
376726
319383
376728
376729
319386
)


// ************************************************************************* //
