/*--------------------------------*- C++ -*----------------------------------*\
| =========                 |                                                 |
| \\      /  F ield         | OpenFOAM: The Open Source CFD Toolbox           |
|  \\    /   O peration     | Version:                                        |
|   \\  /    A nd           | Website:  www.openfoam.com                      |
|    \\/     M anipulation  |                                                 |
\*---------------------------------------------------------------------------*/
FoamFile
{
    version     2.0;
    format      ascii;
    class       cellSet;
    location    "constant/polyMesh/sets";
    object      highAspectRatioCells;
}
// * * * * * * * * * * * * * * * * * * * * * * * * * * * * * * * * * * * * * //


1392
(
0
1
2
3
4
5
6
7
8
9
10
11
12
16
17
18
19
20
24
25
26
27
28
29
40990
30
40991
31
6175
40992
32
6176
40993
33
6177
40994
34
6178
40995
35
40996
36
40997
37
38
39
40
42
43
44
46
41038
41039
6223
41040
6224
41041
6225
41042
6226
6227
6228
41086
41087
6271
41088
6272
41089
6273
41090
6274
6275
6276
6277
6278
16528
16529
41134
41135
6319
41136
6320
41137
6321
41138
6322
41139
6323
41140
41141
16576
16577
16578
16579
30923
30924
41182
41183
6367
41184
6368
41185
6369
41186
6370
41187
6371
41188
41189
41190
41191
41192
41193
41195
41196
41197
41198
41199
16624
41201
16625
41202
16626
41203
16627
41204
16628
41205
16629
41206
41207
41208
41209
30971
30972
30973
30974
2309
6415
6416
6417
6418
6419
6420
6421
6422
16672
16673
16674
16675
16676
16677
16678
16679
31019
31020
31021
31022
31023
31024
2357
2358
6463
6464
6465
6466
6467
6468
6469
6470
6471
6472
6473
6474
6475
6478
6479
6480
16720
6481
16721
6482
16722
16723
16724
6485
6486
6487
6488
6489
6490
31067
6491
31068
6492
31069
6493
31070
6494
31071
6495
31072
6496
31073
6497
31074
6498
6499
6500
2405
2406
2407
2408
8552
8553
16768
16769
16770
16771
16772
31115
31116
31117
31118
31119
2453
2454
2455
2456
8600
2457
8601
2458
8602
8603
24988
24989
16816
16817
16818
16819
16820
16821
16822
16823
31163
31164
31165
31166
31167
4549
2501
4550
2502
2503
2504
8648
2505
8649
2506
458
8650
2507
8651
25036
2508
8652
25037
8653
25038
25039
16864
16865
16866
16867
16868
16869
16870
16871
16872
16873
16874
31211
16875
31212
16876
31213
31214
31215
16879
31216
16880
31217
16881
31218
16882
16883
4597
2549
4598
2550
16886
4599
2551
16887
4600
2552
8696
16888
2553
8697
16889
506
8698
16890
507
8699
16891
25084
508
8700
16892
25085
8701
16893
25086
8702
16894
25087
8703
16895
25088
16896
25089
16897
16898
16899
31259
31260
31261
31262
31263
31264
31265
31266
31267
31268
31269
4645
2597
31270
4646
2598
4647
2599
4648
2600
8744
31273
4649
2601
8745
31274
4650
554
8746
31275
555
8747
31276
25132
556
8748
31277
25133
557
25134
31279
25135
47664
31280
25136
31281
25137
31282
25138
31283
25139
31284
31285
31286
31287
31288
4693
2645
4694
2646
4695
2647
4696
2648
8792
4697
2649
8793
4698
2650
602
8794
4699
2651
603
8795
25180
4700
2652
604
8796
25181
605
25182
606
25183
607
47712
25184
47713
47714
37474
37475
4741
2693
4742
2694
4743
2695
4744
2696
8840
4745
2697
8841
2698
650
8842
2699
651
8843
25228
2700
652
8844
25229
2701
653
8845
25230
2702
654
8846
25231
2703
655
8847
47760
25232
2704
656
47761
2705
657
47762
37522
47763
37523
47764
37524
37525
2709
2710
2711
2712
2713
2716
2717
2718
2719
2720
2721
2722
2723
2724
2725
2726
2727
2728
2729
2730
2731
2732
4789
4790
4791
4792
8888
4793
8889
698
8890
699
8891
25276
700
8892
25277
701
8893
25278
702
8894
25279
8895
47808
25280
8896
47809
25281
8897
47810
37570
25282
8898
47811
37571
25283
8899
47812
37572
8900
47813
37573
47814
37574
47815
37575
8903
8904
8905
8906
8907
8910
8911
8912
8913
8914
8915
8916
8917
8918
8919
8920
8921
8922
8923
8924
8925
4837
4838
4839
4840
4841
4842
746
4843
747
25324
4844
748
25325
749
25326
750
25327
47856
25328
47857
25329
47858
37618
25330
47859
37619
25331
47860
37620
25332
37621
25333
37622
25334
37623
25335
37624
37625
25338
25339
25340
25341
25342
25344
25345
25346
25347
25348
25349
25350
25351
25352
25353
25354
25355
4885
4886
4887
4888
4889
4890
794
4891
795
4892
796
4893
797
4894
798
4895
799
47904
4896
800
47905
4897
801
47906
37666
47907
37667
47908
37668
4900
37669
4901
37670
4902
4903
4904
4907
4908
4909
4910
4911
4912
4913
4914
4915
4916
4917
4918
4919
4920
4921
4922
4923
842
843
844
845
846
847
47952
848
47953
849
47954
37714
850
47955
37715
851
47956
37716
852
47957
37717
853
47958
37718
854
47959
858
859
860
861
862
866
867
868
869
870
871
19303
872
19304
873
874
875
876
877
878
879
880
881
882
884
885
888
11132
11133
37762
37763
37764
37765
37766
37767
37768
37769
19351
19352
19353
19354
11180
11181
11182
11183
37810
37811
37812
37813
37814
37815
37816
37817
37818
37819
37820
37821
37823
37824
37825
37826
37827
37829
37830
37831
19399
37832
19400
37833
19401
37834
19402
37835
19403
37836
19404
37837
11228
11229
11230
11231
11232
11233
19447
19448
19449
19450
19451
19452
19453
19454
11276
11277
11278
11279
11280
11281
11282
11283
19495
19496
19497
19498
19499
11324
11325
11326
11327
11328
19543
19544
19545
19546
19547
11372
11373
11374
11375
11376
19591
19592
19593
19594
19595
19596
19597
19598
11420
11421
11422
11423
11424
11425
11426
11427
19639
19640
19641
19642
19643
19644
19645
19646
19647
19648
19649
19650
19651
19654
19655
19656
19657
19658
19660
11468
19661
11469
19662
11470
19663
11471
19664
11472
19665
11473
19666
11474
19667
11475
44244
19668
11476
19669
11477
19670
11478
19671
11479
11480
11483
11484
11485
11486
11487
11490
11491
11492
11493
11494
11495
11496
11497
11498
11499
11500
11501
11502
11503
11504
27906
27907
44292
44293
44294
44295
27954
27955
44340
27956
44341
27957
44342
44343
44344
44345
3387
3388
1353
28002
28003
44388
28004
44389
28005
44390
28006
44391
28007
44392
44393
44394
44395
3435
3436
3437
3438
34160
34161
1401
1402
28050
28051
44436
28052
44437
28053
44438
28054
44439
28055
44440
28056
28057
3483
3484
3485
3486
3487
34208
3488
34209
34210
34211
1449
1450
1451
1452
28098
28099
44484
28100
44485
28101
44486
28102
44487
44488
3531
3532
3533
3534
3535
34256
3536
34257
3537
34258
3538
34259
34260
34261
1497
1498
1499
1500
1501
1502
13801
13802
28146
28147
44532
28148
44533
28149
44534
28150
44535
44536
44537
44538
44539
3579
3580
3581
3582
3583
34304
34305
34306
34307
34308
34309
34310
34311
1545
1546
1547
1548
1549
1550
1551
1552
13849
13850
13851
13852
28194
28195
44580
28196
44581
28197
44582
28198
44583
28199
44584
28200
44585
28201
44586
44587
3627
44588
3628
44589
3629
44590
3630
44591
3631
34352
44593
34353
44594
34354
44595
34355
44596
34356
44597
44599
44600
44601
1593
44602
1594
44603
1595
44604
1596
44605
1597
44606
13897
13898
13899
13900
13901
13902
28242
28243
28244
28245
28246
28247
28248
28249
28250
28251
3675
28252
3676
28253
3677
3678
3679
34400
28256
3680
34401
28257
3681
34402
28258
3682
34403
28259
34404
28260
28262
28263
28264
28265
1641
28266
1642
28267
1643
28268
1644
28269
22125
1645
28270
22126
28271
28272
13945
13946
13947
13948
13949
13950
13951
13952
3723
3724
3725
3726
3727
34448
3728
34449
3729
34450
3730
34451
3731
34452
3732
34453
3733
34454
3734
34455
3735
1689
3738
1690
3739
1691
3740
1692
22173
3741
1693
22174
3742
1694
22175
1695
22176
1696
3745
3746
3747
3748
3749
3750
3751
3752
3753
13993
3754
13994
3755
13995
3756
13996
3757
13997
3758
3759
3760
3761
34496
34497
34498
34499
34500
34501
34502
34503
34504
34505
1737
34506
1738
34507
1739
1740
22221
1741
34510
22222
1742
34511
22223
1743
34512
22224
1744
34513
22225
1745
34514
22226
1746
1747
34516
1748
34517
1749
34518
34519
34520
34521
1753
14041
34522
1754
14042
34523
1755
14043
34524
1756
14044
34525
1757
14045
1760
1761
1762
1763
1764
1765
1766
1767
1768
1769
1770
1771
1772
1773
1774
1775
1776
1777
1780
22269
22270
22271
22272
22273
22274
22275
22276
14089
14090
14091
14092
14093
14094
14095
14096
22317
22318
22319
22320
22321
14137
14138
14139
14140
14141
14142
14143
14144
14145
14146
14147
14148
14149
14152
14153
14154
14155
14156
14159
14160
14161
14162
14163
14164
14165
14166
14167
14168
14169
14170
14171
14172
22365
14173
22366
22367
22368
22369
22413
40846
22414
40847
22415
22416
22417
22418
22419
22420
22461
40894
22462
40895
22463
40896
22464
40897
22465
22466
22467
22468
22469
22470
22471
22472
22475
22476
22477
22478
22479
22481
22482
22483
22484
22485
22486
22487
22488
22489
22490
22491
22492
40942
40943
6127
40944
6128
40945
40946
40947
)


// ************************************************************************* //
