/*--------------------------------*- C++ -*----------------------------------*\
| =========                 |                                                 |
| \\      /  F ield         | OpenFOAM: The Open Source CFD Toolbox           |
|  \\    /   O peration     | Version:                                        |
|   \\  /    A nd           | Website:  www.openfoam.com                      |
|    \\/     M anipulation  |                                                 |
\*---------------------------------------------------------------------------*/
FoamFile
{
    version     2.0;
    format      ascii;
    class       faceSet;
    location    "constant/polyMesh/sets";
    object      nonOrthoFaces;
}
// * * * * * * * * * * * * * * * * * * * * * * * * * * * * * * * * * * * * * //


1668
(
106496
106498
106499
106501
106502
106504
106505
106507
106508
106510
106511
36881
106513
36882
106514
36883
36885
36886
24
36888
36889
36891
36892
36894
36895
36897
36898
36900
36901
36903
36904
36906
36907
36909
36910
36912
36913
36915
36916
36918
36919
36921
61502
61503
61505
61506
28740
61508
28741
61509
28742
69702
61511
69703
28744
61512
28745
69705
61514
69706
28747
61515
28748
69708
61517
69709
28750
61518
28751
69711
61520
69712
28753
61521
28754
69714
61523
69715
28756
61524
28757
69717
61526
69718
28759
61527
28760
69720
61529
69721
28762
61530
28763
69723
61532
69724
28765
61533
28766
69726
61535
69727
28768
28769
69729
61538
69730
28771
28772
69732
69733
28774
28775
69735
69736
28777
28778
69738
69739
28780
28781
106605
106606
28783
28784
106608
106609
28787
106611
57460
106612
106614
49271
106615
106617
106618
106620
106621
106623
106624
106626
106627
106629
106630
106632
106633
106635
106636
106638
106639
28863
28864
28866
28867
28869
28870
69830
69831
28872
28873
69833
69834
28875
28876
69836
69837
28878
28879
69839
69840
28881
28882
69842
69843
28884
28885
69845
69846
28887
28888
69848
69849
28890
28891
69851
69852
28893
28894
69854
69855
28896
28897
69857
69858
28899
28900
69860
69861
28902
28903
69863
69864
28905
28906
69866
69867
28909
106733
131309
106734
106735
106737
106738
106740
106741
106743
106744
78073
106746
106747
78076
106749
106750
78079
106752
65793
106753
78082
106755
106756
78085
106758
41223
106759
78088
106761
106762
78091
106764
106765
78094
78097
28991
28992
28994
28995
28997
28998
29000
29001
69961
69962
29003
29004
69964
69965
29006
29007
69967
69968
29009
29010
69970
69971
29012
29013
69973
69974
29015
29016
69976
69977
29018
29019
69979
69980
29021
29022
69982
69983
29024
29025
69985
69986
29027
29028
69988
69989
29030
29031
69991
69992
29033
69994
69997
106862
106863
106865
78194
106866
78195
106868
78197
106869
78198
106871
57720
78200
106872
78201
106874
78203
106875
49532
78204
106877
78206
106878
78207
106880
78209
106881
78210
106883
78212
106884
78213
106886
78215
106887
78216
106889
78218
78219
106892
78221
78222
78224
78225
78227
78228
78230
78231
20895
20898
20901
20904
20907
20910
20913
20916
20919
20922
20925
20928
20931
20934
111086
78319
78320
78322
78323
78325
78326
78328
78329
78331
78332
78334
78335
78337
78338
66052
78340
78341
78343
78344
74250
78346
78347
41484
78349
78350
21007
21008
78352
78353
21010
21011
78356
21013
21014
21016
21017
21019
21020
21022
21023
21025
21026
21028
21029
21031
21032
21034
21035
21037
21038
21040
21041
21043
21044
21046
21047
21049
21050
21052
21053
21055
21056
33356
78447
78448
78450
78451
78453
78454
78456
78457
78459
78460
78462
78463
78465
78466
21123
21124
78468
78469
21126
21127
78471
78472
21129
21130
78474
78475
21132
21133
78477
78478
21135
21136
78480
78481
21138
21139
78484
21141
21142
21144
21145
21147
21148
21150
21151
21153
21154
21156
21157
21159
21160
21162
21163
21165
21166
21168
21169
21171
21172
4791
111344
78578
78579
78581
78582
78584
78585
78587
78588
21245
21246
78590
21247
78591
21249
78593
21250
78594
21252
78596
21253
78597
21255
78599
21256
78600
21258
78602
21259
78603
21261
74509
78605
21262
78606
21264
78608
21265
78609
21267
78611
21268
21270
21271
21273
21274
21276
21277
21279
21280
21282
21283
21285
21286
21288
21289
21291
21292
33617
21371
21372
21374
21375
21377
21378
21380
21381
21383
21384
21386
21387
21389
21390
21392
21393
21395
21396
21398
21399
21401
21402
21404
21405
21407
21408
21410
21411
21413
82866
5053
86987
86990
86993
86996
86999
87002
87005
87008
87108
87109
87111
87112
87114
87115
87117
87118
87120
87121
87123
87124
87126
87127
87129
87130
87132
87133
87135
87136
87138
87139
87141
87142
87145
25740
83125
87233
87234
87236
87237
87239
87240
87242
87243
87245
87246
87248
87249
144593
87251
144595
87252
87254
87255
87257
87258
87260
87261
87263
87264
87266
87267
87270
144639
144641
144642
144685
144686
144687
144688
144689
87361
87362
87364
87365
87367
87368
87370
87371
87373
87374
87376
87377
87379
87380
87382
87383
87385
87386
87388
87389
87391
87392
87394
87395
87398
144754
144756
144757
144758
144759
26001
144818
144819
144820
144821
144823
87492
87493
87494
87495
87497
87498
87500
87501
87503
87504
87506
87507
87509
87510
87512
87513
87515
87516
87518
87519
87521
87524
144880
144881
144882
144884
144885
144944
144945
144947
144948
144949
116314
116317
116320
116323
116326
116329
116332
91760
145014
145015
145016
145017
13959
145080
145081
145082
145083
116438
116439
116441
116442
116444
116445
116447
116448
116450
116451
116453
116454
116456
116457
116459
116460
116462
116463
116465
116466
116468
116469
116471
116472
145188
145189
145190
145191
145192
116563
116564
116565
116567
116568
116570
116571
116573
116574
116576
116577
116579
116580
116582
116583
116585
116586
116588
116589
116591
116592
92019
116595
145290
145291
145292
14220
145293
145295
116689
116690
116692
116693
116695
116696
116698
116699
116701
116702
116704
116705
116707
116708
116710
116711
116713
116714
116716
116717
116720
145400
145401
145402
145404
145405
116817
116818
116820
116821
116823
116824
116826
116827
116829
116830
116832
116833
116835
116836
116838
116839
116841
116844
145517
145518
145520
145521
145522
2199
18584
121036
145626
145627
145628
145629
96575
96578
10565
96581
96584
96587
96590
96593
96596
2461
18845
96696
96697
96699
96700
96702
96703
96705
96706
96708
96709
96711
96712
96714
96715
96717
96718
121294
96720
96721
96723
96724
96726
96727
96729
96730
96821
96822
96824
96825
96827
96828
96830
96831
96833
96834
96836
96837
96839
96840
10826
96842
96843
96845
96846
96848
96849
96851
96852
96854
96855
137836
96949
96951
96952
96954
96955
96957
96958
96960
96961
96963
96964
96966
96967
96969
96970
96972
96973
96975
96976
96978
96979
96981
96982
97079
97080
97082
97083
97085
97086
97088
97089
97091
97092
97094
97095
97097
97098
97100
97101
97103
97104
97106
97109
101309
101568
126343
126345
126348
7565
126351
126354
126357
126360
44466
52658
44468
52661
44471
52664
44474
52667
44477
52670
44480
52673
44483
52676
44486
52679
44489
52682
44492
52685
44495
52688
44498
126466
126467
126468
126470
126471
126473
126474
126476
126477
126479
126480
126482
126483
126485
126486
126488
126489
126491
126492
126494
36383
126495
36386
126498
36389
36392
44586
36395
44587
52779
44588
52780
36398
44590
52782
44591
52783
134704
36401
44593
52785
44594
52786
134706
36404
44596
52788
134708
44597
52789
134710
36407
44599
52791
44600
52792
134712
36410
44602
52794
44603
52795
36413
44605
52797
44606
52798
36416
44608
52800
44609
52801
36419
44611
52803
44612
52804
44614
52806
44615
52807
60999
44617
52809
44618
52810
61002
44620
52812
44621
52813
61005
44623
52815
44624
52816
61008
44626
52818
44627
52819
61011
44629
44630
52822
61014
61017
61020
61023
61026
126589
126590
126592
134784
126593
134785
134786
126595
134787
126596
134788
134789
126598
134790
126599
134791
134792
126601
134793
126602
134794
134795
126604
134796
126605
134797
134798
126607
134799
126608
134800
134801
126610
134802
7827
126611
134803
36501
126613
126614
36503
36504
126616
126617
36506
36507
126620
36509
36510
36512
36513
36515
36516
44709
36518
44710
36519
44712
52904
36521
44713
52905
36522
44715
52907
36524
44716
52908
36525
44718
52910
36527
44719
52911
36528
44721
52913
36530
44722
52914
36531
44724
52916
36533
44725
52917
36534
44727
52919
36536
44728
52920
36537
44730
52922
36539
44731
52923
36540
44733
52925
36542
44734
52926
36543
44736
52928
61120
36545
44737
52929
61121
36546
44739
52931
61123
44740
52932
61124
44742
52934
61126
44743
52935
61127
44745
52937
61129
44746
52938
61130
44748
52940
61132
44749
52941
61133
44751
52943
61135
44752
52944
61136
61138
52947
61139
134867
134868
61141
134869
61142
134870
134871
61144
134872
61145
134873
134874
61147
134875
61148
134876
134877
61150
134878
61151
134879
134880
61153
134881
61154
134882
134883
61156
134884
61157
134885
134886
61159
61160
126714
126715
126717
126718
126720
126721
126723
126724
126726
126727
126729
126730
126732
126733
126735
126736
36625
36626
126738
126739
36628
36629
126741
126742
36631
36632
126745
36634
36635
36637
36638
36640
36641
36643
36644
44837
36646
134950
36647
44839
134951
44840
53032
134952
36649
53033
134953
36650
44842
53034
134954
44843
134955
36652
53036
134956
36653
44845
53037
134957
44846
134958
36655
53039
134959
36656
44848
53040
134960
44849
134961
36658
53042
134962
36659
44851
53043
134963
44852
134964
36661
53045
134965
36662
44854
53046
134966
44855
134967
36664
53048
134968
36665
44857
53049
134969
44858
36667
53051
36668
44860
53052
44861
61245
53054
61246
44863
53055
61247
44864
53057
61249
44866
53058
61250
44867
53060
61252
44869
53061
61253
44870
53063
61255
44872
53064
61256
44873
53066
61258
44875
53067
61259
44876
53069
61261
44878
53070
61262
44879
61264
69456
53073
61265
69458
61267
61268
69461
61270
28503
61271
69464
61273
28506
61274
69467
61276
28509
61277
69470
61279
28512
61280
69473
61282
28515
61283
69476
28518
69479
28521
69482
28524
28527
28530
28533
106359
28536
106362
126842
28539
126843
106365
126845
135037
126846
135038
135039
106368
126848
135040
126849
135041
135042
106371
126851
135043
126852
135044
135045
106374
126854
135046
126855
135047
135048
106377
126857
135049
126858
135050
135051
126860
135052
126861
135053
36750
36751
126863
135055
126864
36753
36754
126866
36756
36757
126869
36759
36760
36762
36763
36765
36766
36768
36769
36771
36772
36774
36775
44967
44968
36777
36778
44970
44971
36780
53164
36781
44973
53165
44974
36783
53167
36784
44976
53168
44977
36786
53170
36787
44979
53171
44980
36789
53173
36790
44982
53174
44983
36792
53176
36793
44985
53177
44986
53179
61371
44988
53180
61372
44989
53182
61374
44991
53183
61375
44992
53185
61377
44994
53186
61378
44995
53188
61380
44997
53189
61381
44998
53191
61383
45000
53192
61384
45001
28618
53194
61386
28619
45003
53195
61387
69579
69580
28621
53197
61389
69581
28622
45006
53198
61390
69583
28624
53200
61392
69584
28625
61393
69586
28627
61395
69587
28628
61396
69589
28630
61398
69590
28631
61399
69592
28633
61401
69593
28634
61402
69595
28636
61404
69596
28637
61405
69598
28639
61407
69599
28640
61408
69601
28642
69602
28643
69604
28645
69605
28646
69607
28648
69608
28649
69610
28651
69611
28652
69613
28654
69614
28655
69616
106480
28657
69617
106481
28658
131058
106483
28660
106484
28661
106486
28663
106487
28664
106489
106490
28667
106492
106493
106495
)


// ************************************************************************* //
