/*--------------------------------*- C++ -*----------------------------------*\
| =========                 |                                                 |
| \\      /  F ield         | OpenFOAM: The Open Source CFD Toolbox           |
|  \\    /   O peration     | Version:                                        |
|   \\  /    A nd           | Website:  www.openfoam.com                      |
|    \\/     M anipulation  |                                                 |
\*---------------------------------------------------------------------------*/
FoamFile
{
    version     2.0;
    format      ascii;
    class       cellSet;
    location    "constant/polyMesh/sets";
    object      highAspectRatioCells;
}
// * * * * * * * * * * * * * * * * * * * * * * * * * * * * * * * * * * * * * //


2990
(
110592
4096
0
110593
4097
1
4098
2
3
4
5
57350
6
57351
7
57352
8
57353
9
57354
57355
11
12
13
14
15
16
17
21
22
23
94232
24
94233
25
94234
26
94235
27
94236
28
94237
94238
94239
31
94240
32
94241
33
94242
34
94243
35
94244
36
94245
37
94246
38
94247
39
40
94249
41
94250
42
94251
43
94252
44
94253
45
94254
46
94255
47
48
94257
49
94258
50
94259
51
94260
52
94261
53
94262
54
94263
55
94264
56
94265
57
94266
4154
58
94267
4155
59
94268
4156
94269
4157
61
94270
4158
62
94271
4159
63
110656
94272
4160
110657
94273
4161
110658
94274
4162
66
110659
4163
4164
57414
57415
57416
57417
57418
57419
57420
57421
57422
4218
4219
4220
4221
4222
4223
110720
4224
110721
4225
110722
110723
110724
110725
57478
57479
57480
57481
57482
57483
57484
57485
57486
57487
57488
4282
4283
4284
4285
4286
4287
110784
4288
110785
110786
110787
110788
110789
110790
57542
110791
57543
57544
57545
57546
57547
57548
57549
4346
4347
4348
4349
4350
4351
110848
4352
110849
4353
110850
4354
110851
4355
110852
110853
110854
57606
110855
57607
110856
57608
110857
57609
110858
57610
57611
57612
4410
4411
4412
4413
4414
4415
110912
4416
110913
4417
110914
4418
110915
4419
110916
4420
110917
4421
110918
57670
4422
57671
4423
57672
4424
57673
4425
57674
4426
57675
57676
57677
57678
4430
57679
4431
4432
4433
4434
4435
4436
4437
4440
4441
4442
4443
4444
4445
4446
4447
4448
4449
4450
4451
4452
4453
4454
4455
4456
4457
4458
4459
4460
4461
4462
4463
4464
4465
4466
4467
4468
4469
4471
110976
110977
110978
110979
110980
110981
110982
57734
57735
57736
57737
57738
57739
57740
57741
57742
57743
57744
57745
57746
57747
57748
57749
57750
57753
57754
57755
57756
57757
57758
57759
57760
57761
57762
57763
57764
57765
57766
57767
57768
57769
57770
57771
57772
57773
57774
57775
57776
57777
57778
57779
57780
57781
111040
111041
111042
111043
111044
111045
111046
111047
111048
111049
61986
61987
62050
62051
62052
62053
62114
62115
62116
62117
62118
62119
8924
62178
62179
62180
62181
62182
62183
82664
62184
82665
62185
8988
8989
8990
62242
62243
62244
62245
62246
62247
82728
62248
82729
62249
82730
62250
82731
62251
62252
21321
844
9052
9053
9054
9055
9056
62306
62307
62308
62309
62310
62311
82792
62312
82793
62313
82794
82795
82796
82797
17279
21385
21386
21387
908
909
910
9116
9117
9118
9119
9120
9121
62370
9122
62371
62372
62373
62374
62375
82856
62376
82857
82858
82859
82860
82861
82862
82863
17343
17344
17345
21449
21450
21451
972
21452
973
21453
974
975
976
9180
9181
9182
9183
9184
9185
62434
9186
62435
9187
62436
9188
62437
62438
62439
82920
62440
82921
62441
82922
62442
82923
62443
82924
82925
82926
82927
82928
82929
82930
99319
99320
25597
25598
17407
25599
17408
17409
17410
17411
21513
21514
21515
1036
21516
1037
21517
1038
21518
1039
21519
1040
1041
1042
9244
9245
9246
9247
9248
9249
62498
9250
62499
9251
62500
9252
62501
9253
62502
9254
62503
82984
62504
82985
62505
82986
62506
82987
62507
82988
62508
82989
62509
82990
62510
62511
62512
62513
62516
62517
62518
99383
62519
99384
62520
99385
62521
99386
62522
62523
62524
62525
25661
62526
25662
62527
17471
25663
62528
17472
25664
62529
17473
25665
62530
17474
62531
17475
62532
17476
62533
17477
62534
62535
62536
62537
21577
62538
21578
62539
21579
62540
1100
21580
62541
1101
21581
62542
1102
21582
62543
1103
21583
1104
21584
1105
21585
1106
1107
1108
9308
9309
9310
9311
9312
9313
9314
9315
83048
83049
83050
83051
83052
83053
83054
99447
99448
99449
99450
99451
99452
25725
25726
17535
25727
17536
25728
17537
25729
17538
25730
17539
25731
17540
17541
17542
17543
21641
21642
21643
1164
21644
1165
21645
1166
21646
1167
21647
1168
21648
1169
21649
1170
21650
1171
21651
1172
1173
1174
9372
9373
9374
9375
9376
9377
9378
83112
83113
83114
83115
83116
83117
83118
83119
83120
83121
99511
99512
99513
99514
99515
99516
13500
99517
25789
99518
25790
17599
25791
17600
25792
17601
25793
17602
25794
17603
25795
17604
25796
17605
25797
17606
17607
17608
17609
21705
21706
21707
1228
21708
1229
21709
1230
21710
1231
21711
1232
21712
1233
1234
29906
1235
29907
9436
9437
9438
9439
9440
9441
9442
9443
9444
9445
83176
83177
83178
83179
83180
83181
83182
83183
83184
83185
83186
83187
83188
83189
83190
99575
83191
99576
99577
99578
83194
99579
83195
99580
83196
13564
99581
83197
13565
25853
99582
83198
13566
25854
99583
83199
17663
25855
99584
83200
17664
25856
99585
17665
25857
83202
17666
25858
83203
17667
25859
83204
17668
25860
83205
17669
25861
83206
17670
25862
83207
25863
83208
83209
21769
83210
21770
83211
21771
83212
1292
21772
83213
66829
1293
21773
83214
66830
1294
21774
83215
1295
21775
83216
1296
83217
1297
83218
1298
29970
83219
29971
29972
29973
29974
9500
9501
9502
9503
9504
9505
9506
9507
9508
9509
9510
9511
9512
9513
9514
9515
9516
9520
9521
9522
9523
9524
9525
9526
99639
9527
99640
99641
9529
99642
9530
5434
99643
9531
99644
9532
13628
99645
9533
13629
25917
9534
13630
25918
9535
13631
17727
25919
9536
13632
17728
25920
9537
17729
25921
9538
17730
25922
9539
17731
25923
9540
17732
25924
9541
17733
9542
9543
9544
9545
21833
9546
21834
9547
21835
9548
1356
21836
66893
9549
1357
21837
66894
9550
1358
21838
66895
9551
1359
21839
66896
9552
1360
21840
9553
1361
21841
9554
1362
21842
30034
9555
1363
30035
9556
1364
30036
9557
1365
30037
30038
9559
30039
30040
99703
99704
99705
99706
5498
99707
5499
99708
5500
13692
99709
13693
25981
13694
25982
13695
17791
25983
13696
17792
25984
13697
17793
25985
13698
17794
25986
17795
25987
17796
17797
17798
17799
17800
21897
21898
21899
1420
21900
66957
1421
21901
66958
1422
21902
66959
1423
21903
66960
1424
21904
66961
1425
21905
66962
1426
21906
30098
1427
21907
30099
1428
21908
30100
1429
21909
30101
21910
30102
1431
21911
30103
1432
21912
30104
1433
21913
30105
1434
30106
1435
1436
21916
1437
21917
21918
21919
21920
1441
21921
1442
21922
1443
21923
1444
1445
21925
1446
21926
1447
21927
1448
21928
21929
21930
1451
21931
1452
21932
1453
21933
1454
21934
1455
21935
1456
21936
1457
21937
1458
21938
1459
21939
1460
21940
1461
21941
1462
21942
99767
1463
21943
99768
1464
21944
99769
1465
21945
99770
5562
1466
21946
99771
5563
1467
21947
99772
5564
1468
13756
21948
99773
5565
1469
13757
21949
26045
99774
5566
1470
13758
21950
26046
99775
1471
13759
17855
26047
99776
1472
13760
17856
26048
1473
13761
17857
26049
1474
13762
17858
26050
1475
13763
17859
26051
1476
13764
17860
26052
1477
17861
26053
1478
17862
26054
1479
17863
17864
1481
17865
1482
17866
1483
17867
17868
67021
17869
67022
1486
17870
67023
17871
67024
67025
67026
17874
30162
67027
17875
30163
67028
17876
30164
17877
30165
17878
30166
17879
30167
17880
30168
17881
30169
30170
17883
30171
17884
30172
17885
17886
17887
17888
17889
17890
17891
17892
17893
17894
17895
17896
17897
17898
17899
17900
17901
17902
17903
17904
17905
17906
17907
17908
17909
17910
99831
99832
99833
99834
5626
99835
5627
99836
5628
13820
99837
5629
13821
26109
99838
5630
13822
26110
99839
5631
13823
26111
99840
5632
13824
26112
99841
13825
26113
99842
13826
26114
99843
13827
26115
99844
13828
26116
34308
99845
13829
26117
34309
99846
13830
26118
26119
99848
26120
99849
26121
99850
26122
99851
26123
99852
26124
99853
67085
26125
99854
67086
67087
99856
67088
26128
99857
67089
26129
99858
67090
26130
30226
99859
67091
26131
30227
99860
67092
26132
30228
99861
67093
26133
30229
99862
67094
26134
30230
99863
67095
26135
30231
99864
30232
99865
26137
30233
99866
26138
99867
26139
99868
26140
99869
26141
99870
26142
99871
26143
26144
26145
26146
26147
26148
26149
26150
26151
26152
26153
26154
26155
26156
26157
26158
26159
26160
26161
5690
5691
5692
13884
5693
13885
5694
13886
5695
13887
5696
13888
5697
13889
5698
13890
13891
34372
34373
34374
34375
67149
67150
67151
67152
67153
67154
30290
67155
30291
67156
30292
30293
30294
30295
30296
5754
5755
5756
13948
5757
13949
5758
13950
5759
13951
5760
13952
5761
13953
5762
13954
5763
5764
34436
34437
34438
34439
34440
34441
34442
67213
67214
67215
67216
67217
67218
30354
67219
30355
30356
30357
30358
30359
30360
30361
30362
30363
5818
5819
5820
14012
5821
14013
5822
14014
5823
14015
5824
14016
5825
14017
14018
14019
14020
34500
14021
34501
34502
34503
34504
34505
34506
34507
34508
67277
67278
67279
67280
67281
67282
30418
67283
30419
67284
30420
67285
30421
67286
30422
30423
30424
30425
30426
30427
30428
30429
30430
30431
30432
30433
30434
30437
30438
30439
30440
30441
30442
30443
30444
30446
30447
30448
30449
30450
30451
30452
30453
30454
30455
30456
30457
5882
30458
5883
30459
5884
14076
30460
5885
14077
30461
5886
14078
30462
5887
14079
30463
5888
14080
30464
14081
30465
14082
30466
14083
30467
14084
30468
34564
14085
30469
34565
14086
30470
34566
14087
34567
14088
34568
14089
34569
14090
34570
14091
34571
14092
34572
67341
34573
67342
34574
67343
14095
67344
14096
67345
14097
67346
14098
67347
14099
67348
14100
67349
14101
67350
14102
67351
67352
14104
67353
14105
67354
14106
67355
14107
67356
14108
14109
14110
67359
14111
67360
14112
67361
14113
67362
14114
67363
14115
67364
14116
67365
14117
67366
14118
67367
14119
67368
14120
67369
14121
67370
14122
67371
14123
67372
14124
67373
14125
67374
14126
67375
14127
67376
14128
67377
14129
67378
14130
67379
14131
67380
67381
67382
67383
67384
67385
5946
5947
5948
5949
5950
5951
5952
5953
5954
5955
34628
34629
34630
34631
34632
34633
34634
34635
38775
38776
6010
6011
6012
6013
6014
6015
6016
6017
6018
6019
6020
34692
6021
34693
6022
34694
6023
34695
6024
34696
6025
34697
6026
34698
6030
6031
6032
6033
6034
6035
6036
6037
6039
6040
6041
6042
6043
6044
6045
6046
6047
6048
6049
6050
6051
6052
6053
6054
6055
6056
6057
6058
6059
6060
6061
6062
6063
6064
6065
6066
6067
6068
6070
38839
38840
38841
38842
34756
34757
34758
34759
34760
34761
34762
34763
34764
34765
38903
38904
38905
38906
38907
38908
38909
34820
34821
34822
34823
34824
34825
34826
34827
34828
34829
34830
34831
34832
34833
34834
34835
34836
34839
34840
34841
34842
34843
34844
34845
34846
34848
34849
34850
34851
34852
34853
34854
34855
34856
34857
34858
34859
34860
34861
34862
34863
34864
34865
34866
34867
34868
34869
34870
34871
38967
38968
38969
38970
38971
38972
38973
38974
38975
88169
88170
39031
39032
39033
39034
39035
39036
39037
39038
39039
39040
39041
88233
88234
88235
88236
39095
39096
39097
39098
39099
39100
39101
39102
88297
88298
88299
88300
88301
88302
71921
71922
39159
39160
39161
39162
39163
39164
39165
2309
43300
43301
88361
88362
88363
88364
88365
88366
88367
88368
71985
71986
71987
71988
39223
39224
39225
39226
39227
39228
39229
39230
39231
39232
2373
2374
2375
43364
43365
43366
43367
88425
88426
88427
88428
88429
88430
88431
88432
88433
72049
88434
72050
88435
72051
72052
72053
72054
39287
39288
39289
39290
39291
39292
39293
39294
39295
39296
39297
39298
39299
39300
2437
39301
2438
39302
2439
39303
2440
2441
39306
39307
39308
39309
39310
39311
39312
39313
39315
39316
39317
39318
39319
39320
39321
39322
39323
39324
39325
39326
39327
39328
39329
39330
39331
43428
39332
43429
39333
43430
39334
43431
39335
43432
39336
88489
43433
39337
88490
88491
88492
88493
88494
88495
72113
72114
72115
72116
72117
72118
72119
72120
2501
2502
2503
2504
2505
2506
2507
43492
43493
43494
43495
43496
88553
43497
88554
43498
88555
43499
104940
88556
43500
104941
88557
88558
88559
72177
72178
72179
72180
72181
72182
72183
72184
72185
72186
72187
2565
2566
2567
2568
2569
2570
2571
2572
2573
43556
43557
43558
43559
43560
88617
43561
88618
43562
88619
43563
105004
88620
43564
105005
88621
43565
105006
88622
43566
105007
88623
88624
88625
72241
88626
72242
72243
72244
72245
72246
72247
72248
2629
2630
2631
2632
2633
2634
2635
2636
2637
2638
2639
43620
43621
43622
43623
43624
88681
43625
88682
43626
88683
43627
105068
88684
105069
88685
105070
88686
105071
88687
105072
88688
105073
88689
72305
88690
72306
88691
72307
88692
72308
88693
72309
88694
72310
88695
72311
88696
88699
88700
88701
88702
88703
88704
88705
88707
88708
88709
2693
88710
2694
88711
2695
88712
2696
88713
2697
88714
2698
88715
2699
88716
2700
88717
88718
88719
88720
88721
88722
88723
88724
43684
43685
43686
43687
43688
43689
43690
10923
105132
105133
105134
105135
105136
105137
72369
105138
72370
105139
72371
72372
72373
72374
72375
72376
72377
72378
2757
2758
2759
2760
2761
2762
2763
43748
43749
43750
43751
43752
43753
43754
43755
10987
105196
43756
10988
105197
43757
10989
105198
105199
105200
105201
72433
105202
72434
105203
72435
105204
72436
105205
72437
105206
72438
72439
72440
72441
72442
72443
72444
72445
72446
72447
72448
72451
72452
47876
72453
47877
2821
72454
2822
72455
2823
72456
2824
72457
2825
72458
2826
72459
2827
72460
2828
72461
2829
72462
2830
72463
72464
72465
72466
72467
72468
72469
72470
72471
72472
72473
72474
72475
72476
72477
43812
43813
43814
43815
43816
43817
43818
43819
11051
105260
43820
11052
105261
43821
11053
105262
43822
11054
105263
43823
11055
105264
43824
105265
43825
105266
43826
43827
43828
43831
43832
43833
43834
43835
43836
43837
43838
43839
43840
43841
43842
43843
47940
43844
47941
43845
2885
47942
43846
2886
47943
43847
2887
43848
2888
43849
2889
43850
2890
43851
2891
43852
2892
43853
2893
43854
2894
43855
43856
2896
43857
2897
43858
2898
43859
2899
43860
2900
2901
2902
2906
2907
2908
2909
2910
2911
2912
2913
2916
2917
2918
2919
2920
2921
2922
11115
2923
105324
11116
2924
105325
11117
2925
105326
11118
2926
105327
11119
2927
105328
11120
2928
105329
11121
2929
105330
2930
2931
2932
2933
2934
2935
2936
2937
2938
2939
2940
2941
2942
2943
2944
2945
2946
48004
48005
2949
48006
48007
48008
48009
11179
105388
11180
105389
11181
105390
11182
105391
11183
105392
11184
105393
11185
105394
11186
105395
11187
105396
105397
48068
48069
48070
48071
48072
48073
48074
48075
48076
7120
11243
105452
11244
105453
11245
105454
11246
105455
11247
105456
11248
105457
11249
105458
11250
105459
11251
105460
11252
105461
11253
105462
105463
105464
105465
105466
105467
105469
105470
105471
105472
105473
105474
105475
48132
105477
48133
105478
48134
105479
48135
105480
48136
105481
48137
105482
48138
105483
48139
105484
48140
105485
48141
105486
48142
105487
105488
7184
105489
7185
105490
7186
105491
105492
11307
11308
11309
11310
11311
11312
11313
11314
48196
48197
48198
48199
48200
48201
48202
48203
7248
7249
7250
7251
7252
11371
11372
11373
11374
11375
11376
11377
48260
48261
48262
48263
48264
48265
48266
7312
7313
7314
7315
7316
7317
7318
11435
11436
11437
11438
11439
11440
11441
11442
11443
11444
48324
48325
48326
48327
48328
48329
48330
48331
48332
48333
7376
7377
7378
7379
7380
7381
7382
7383
7384
11499
11500
11501
11502
11503
11504
11505
11506
11507
11508
11509
11510
11511
11512
11513
11514
11515
11519
11520
11521
11522
11523
48388
11524
48389
11525
48390
11526
48391
48392
11528
48393
11529
48394
11530
48395
11531
48396
11532
48397
11533
48398
11534
48399
11535
48400
7440
11536
48401
7441
11537
48402
7442
11538
48403
7443
11539
48404
7444
11540
7445
11541
7446
11542
48407
7447
11543
48408
7448
11544
48409
7449
11545
48410
7450
11546
48411
11547
48412
11548
48413
11549
48414
11550
48415
11551
48416
11552
48417
11553
48418
11554
48419
11555
48420
11556
48421
48422
48423
48424
52521
48425
52522
48426
48427
48428
48429
48430
48431
48432
48433
48434
48435
48436
7504
7505
7506
7507
7508
7509
7510
7511
52585
52586
52587
52588
7568
7569
7570
7571
7572
7573
7574
52649
52650
52651
52652
52653
52654
77238
77239
7632
7633
7634
7635
7636
7637
7638
7639
7640
7641
52713
52714
52715
52716
52717
52718
52719
52720
52721
77302
77303
77304
77305
7696
7697
7698
7699
7700
7701
7702
7703
93720
7704
93721
7705
7706
7707
7708
7709
7710
7711
7712
7716
7717
7718
7719
7720
52777
7721
52778
7722
52779
7723
52780
52781
7725
52782
7726
52783
7727
52784
7728
52785
7729
52786
7730
52787
7731
7732
7733
77366
7734
77367
7735
77368
7736
77369
7737
77370
7738
77371
7739
7740
7741
7742
7743
7744
7745
7746
7747
7748
7749
7750
7751
7752
7753
7755
93784
93785
93786
93787
52841
52842
52843
52844
52845
52846
52847
52848
77430
77431
77432
77433
77434
77435
77436
77437
93848
93849
93850
93851
93852
93853
52905
52906
52907
52908
52909
52910
52911
77494
77495
77496
77497
77498
77499
77500
77501
77502
77503
77504
93912
93913
93914
93915
93916
93917
93918
93919
52969
52970
52971
52972
52973
52974
52975
52976
52977
52978
77558
77559
77560
77561
77562
3834
77563
77564
77565
93976
93977
93978
93979
93980
93981
93982
93983
93984
93985
93986
53033
53034
53035
53036
53037
53038
53039
53040
53041
53042
53043
53044
53045
77622
53046
77623
53047
77624
53048
77625
53049
77626
3898
77627
3899
77628
53052
3900
53053
53054
53055
53056
53057
53058
53059
53060
53061
53062
53063
53064
53065
53066
53067
53068
53069
53070
53071
53072
53073
53074
53075
53076
53077
53078
53079
94040
53080
94041
53081
94042
94043
94044
94045
94046
77686
77687
77688
77689
77690
3962
77691
3963
77692
3964
77693
3965
77694
3966
77695
57222
57223
94104
94105
94106
94107
94108
94109
94110
77750
77751
77752
77753
77754
4026
77755
4027
77756
4028
77757
4029
77758
4030
77759
4031
77760
4032
77761
77762
77763
77764
77765
57286
57287
77768
57288
77769
57289
77770
77771
77772
77773
77774
77776
77777
77778
77779
77780
77781
77782
77783
94168
77784
94169
77785
94170
77786
94171
77787
94172
77788
94173
77789
94174
77790
94175
77791
94176
77792
94177
77793
77794
4090
4091
4092
4093
4094
4095
)


// ************************************************************************* //
