/*--------------------------------*- C++ -*----------------------------------*\
| =========                 |                                                 |
| \\      /  F ield         | OpenFOAM: The Open Source CFD Toolbox           |
|  \\    /   O peration     | Version:                                        |
|   \\  /    A nd           | Website:  www.openfoam.com                      |
|    \\/     M anipulation  |                                                 |
\*---------------------------------------------------------------------------*/
FoamFile
{
    version     2.0;
    format      ascii;
    class       faceSet;
    location    "constant/polyMesh/sets";
    object      nonOrthoFaces;
}
// * * * * * * * * * * * * * * * * * * * * * * * * * * * * * * * * * * * * * //


2673
(
135169
81921
135170
81922
135172
81924
135173
81925
135175
81927
135176
81928
135178
81930
135179
81931
135181
81933
135182
81934
135184
81936
135185
81937
135187
81939
135188
81940
135190
81942
135191
81943
135193
81945
135194
81946
135196
81948
135197
81949
135199
81951
135200
81952
135202
135203
135205
135206
135208
135209
135211
135212
335978
335979
335980
335981
82061
82062
82063
82065
82066
82068
82069
82071
82072
82074
82075
82077
82078
82080
82081
135330
135331
82083
82084
135333
135334
82086
82087
135336
135337
82089
82090
135339
135340
82092
82093
135342
135343
82095
82096
135345
135346
82098
135348
135349
82101
135351
135352
82104
135354
135355
82107
135357
82110
135360
82113
135363
82116
135366
135369
135372
135375
135378
135381
336108
336109
336110
336111
254275
254276
254277
254279
254280
254282
254283
254285
254286
254288
254289
254291
254292
254294
254295
254297
254298
254300
254301
254303
254304
254306
254307
254309
254310
254312
254313
254315
254316
254318
254319
270719
270720
270722
270723
270725
270726
270728
270729
237961
237962
270731
270732
237964
237965
270734
270735
237967
237968
270737
270738
237970
237971
270740
270741
237973
237974
270743
270744
237976
237977
270746
270747
237979
237980
270749
270750
237982
237983
270752
270753
237985
94625
237986
94626
270755
94627
270756
237988
237989
94629
270758
94630
270759
237991
237992
94632
270761
94633
270762
237994
237995
94635
94636
237997
237998
94638
94639
238000
238001
94641
94642
238003
238004
94644
94645
238006
238007
94647
94648
94650
94651
94653
94654
94656
94657
94659
94660
94662
94663
94665
94666
94668
94669
94671
94672
94674
94675
94677
94678
94680
94681
94683
94684
254440
254441
254443
254444
254446
254447
254449
254450
254452
254453
254455
254456
254458
254459
254461
254462
254464
254465
254467
254468
254470
254471
254473
254474
254476
254477
254479
176655
254480
176656
254482
176658
254483
176659
176661
176662
176664
176665
176667
176668
176670
176671
176673
176674
270883
270884
176676
176677
270886
270887
176679
176680
270889
270890
176682
176683
270892
270893
176685
176686
270895
270896
238128
176688
238129
176689
270898
238130
270899
176691
238132
176692
270901
238133
270902
176694
238135
176695
270904
238136
270905
176697
238138
176698
270907
238139
270908
176700
238141
176701
270910
238142
270911
176703
238144
176704
270913
238145
270914
238147
94787
270916
238148
94788
270917
287302
238150
94790
287303
270919
238151
94791
270920
287305
238153
94793
287306
270922
238154
94794
270923
287308
238156
94796
287309
270925
238157
94797
270926
287311
238159
94799
287312
238160
94800
287314
238162
94802
287315
238163
94803
287317
238165
94805
287318
238166
94806
287320
238168
94808
287321
238169
94809
287323
238171
94811
287324
238172
94812
287326
94814
287327
94815
287329
94817
287330
94818
287332
94820
287333
94821
287335
94823
287336
94824
287338
94826
287339
94827
287341
94829
287342
94830
94832
287345
94833
94835
94836
94838
94839
94841
94842
94844
94845
254607
254608
254610
254611
254613
254614
254616
254617
254619
254620
254622
254623
254625
254626
254628
254629
254631
254632
254634
254635
254637
254638
254640
254641
254643
176819
254644
176820
254646
176822
254647
176823
254649
176825
254650
176826
221884
176828
221885
176829
221887
176831
221888
176832
221890
176834
221891
176835
221893
176837
221894
176838
221896
176840
221897
176841
271050
271051
221899
176843
221900
176844
271053
271054
221902
176846
221903
176847
271056
271057
221905
176849
221906
176850
271059
271060
221908
176852
221909
176853
271062
271063
221911
176855
238296
221912
176856
271065
238297
271066
221914
176858
238299
221915
176859
271068
238300
271069
221917
176861
238302
221918
176862
271071
238303
271072
221920
176864
238305
221921
176865
271074
238306
271075
221923
176867
238308
221924
176868
271077
238309
271078
221926
238311
221927
94951
271080
238312
271081
221929
94953
287466
238314
221930
94954
287467
271083
238315
271084
94956
287469
238317
221933
94957
287470
271086
238318
271087
94959
287472
238320
94960
287473
271089
238321
271090
94962
287475
238323
94963
287476
238324
271093
94965
287478
238326
94966
287479
238327
94968
287481
238329
94969
287482
238330
94971
287484
238332
94972
287485
238333
94974
287487
238335
94975
287488
238336
94977
287490
238338
94978
287491
238339
94980
287493
94981
287494
94983
287496
94984
287497
94986
287499
94987
287500
94989
287502
94990
287503
94992
287505
94993
287506
94995
94996
287509
94998
94999
95001
95002
95004
95005
95007
95008
254777
254780
254783
254786
254789
254792
254795
254798
254801
303956
254804
303957
303959
254807
303960
303962
254810
176986
303963
176987
303965
254813
176989
303966
176990
303968
254816
176992
303969
176993
303971
254819
222051
176995
303972
176996
222053
303974
222054
176998
303975
176999
222056
303977
222057
177001
303978
177002
222059
303980
222060
177004
303981
177005
222062
303983
222063
177007
303984
177008
222065
303986
222066
177010
303987
177011
271220
222068
303989
222069
177013
303990
177014
271223
222071
303992
222072
177016
303993
177017
271226
222074
303995
222075
177019
303996
177020
271229
222077
222078
177022
303999
177023
271232
222080
222081
177025
238466
177026
271235
222083
222084
177028
238469
177029
271238
222086
222087
177031
238472
177032
271241
222089
222090
177034
238475
177035
271244
222092
222093
95117
238478
95118
271247
222095
222096
95120
287633
238481
95121
287634
271250
222099
95123
287636
238484
95124
287637
271253
95126
287639
238487
95127
287640
271256
95129
287642
238490
95130
287643
271259
95132
287645
238493
95133
287646
95135
287648
238496
95136
287649
95138
287651
238499
95139
287652
95141
287654
238502
95142
287655
95144
287657
238505
95145
287658
95147
287660
238508
95148
287661
95150
287663
287664
95153
287666
287667
95156
287669
287670
95159
287672
287673
95162
287676
95165
95168
95171
304123
304124
304126
304127
304129
304130
304132
177156
304133
177157
304135
177159
304136
177160
304138
177162
304139
177163
222220
304141
222221
177165
304142
177166
222223
304144
222224
177168
304145
177169
222226
304147
222227
177171
304148
177172
222229
304150
222230
177174
304151
177175
222232
304153
222233
177177
304154
222235
304156
222236
177180
304157
222238
304159
222239
177183
304160
222241
304162
222242
177186
304163
222244
222245
177189
304166
222247
222248
177192
222250
222251
177195
222253
222254
177198
222256
222257
177201
222259
222260
177204
222262
222263
222266
287803
287806
287809
287812
287815
287818
287821
287824
287827
287830
287833
287836
287839
287842
148600
148601
148602
148604
148605
148607
148608
148610
148611
148613
148614
148616
148617
148619
148620
148622
148623
148625
148626
148628
148629
148631
148632
148634
148635
148637
148638
148640
148641
304290
304291
148643
148644
304293
304294
148646
148647
304296
304297
148649
148650
304299
304300
148652
148653
304302
304303
304305
304306
304308
304309
222390
304311
304312
222393
304314
304315
222396
304317
304318
222399
304320
304321
222402
304323
304324
222405
304326
304327
222408
304329
304330
222411
222414
222417
222420
222423
222426
222429
222432
148765
148766
148768
148769
148771
148772
148774
148775
148777
148778
148780
148781
148783
148784
148786
206131
148787
206132
148789
206134
148790
206135
148792
206137
148793
206138
148795
206140
148796
206141
148798
206143
148799
206144
148801
206146
148802
206147
148804
206149
148805
206150
148807
206152
148808
206153
148810
206155
148811
304460
206156
148813
206158
148814
304463
206159
148816
206161
148817
304466
206162
107859
206164
107860
304469
206165
107862
206167
107863
304472
206168
107865
206170
107866
304475
206171
107868
206173
107869
304478
206174
107871
206176
107872
304481
206177
107874
206179
107875
304484
206180
107877
107878
304487
107880
107881
304490
107883
107884
304493
107886
107887
304496
107889
107890
304499
107892
107893
107895
107896
107898
107899
107901
107902
107904
107905
107907
107908
107910
107911
107913
107914
107917
148932
148933
148935
148936
148938
148939
148941
148942
148944
148945
148947
148948
148950
148951
148953
206298
148954
206299
148956
206301
148957
206302
148959
206304
148960
206305
148962
206307
148963
206308
148965
206310
148966
206311
148968
206313
148969
206314
148971
206316
148972
206317
148974
206319
148975
206320
148977
206322
148978
206323
148980
108020
206325
148981
108021
206326
108023
206328
148984
108024
206329
108026
206331
108027
206332
108029
206334
108030
206335
108032
206337
108033
206338
108035
206340
108036
206341
108038
206343
108039
206344
108041
108042
206347
108044
108045
108047
108048
108050
108051
108053
108054
108056
108057
108059
108060
108062
108063
108065
108066
108068
108069
108071
108072
108074
108075
108078
149102
149103
149105
149106
149108
149109
149111
149112
149114
149115
149117
149118
149120
149121
149123
206468
149124
206469
206470
149126
149127
206472
206473
149129
206475
206476
149132
206478
206479
149135
206481
206482
149138
206484
206485
149141
206487
206488
149144
108184
108185
206490
108186
206491
149147
108188
206493
108189
206494
149150
108191
206496
108192
206497
108194
206499
108195
206500
108197
206502
108198
206503
108200
206505
108201
206506
108203
206508
108204
206509
108206
206511
108207
206512
108209
108210
206515
108212
108213
108215
108216
108218
108219
108221
108222
108224
108225
108227
108228
108230
108231
108233
108234
108236
108237
108240
206639
206640
206642
206643
206645
206646
206648
206651
206654
108352
206657
108353
108355
206660
108356
108358
206663
108359
108361
206666
108362
108364
206669
108365
108367
206672
108368
108370
206675
108371
108373
206678
108374
108376
206681
108377
108379
108380
108382
108383
108385
108388
108391
108394
108397
108400
108403
317755
317756
317757
317758
317759
317760
317761
317762
317763
317764
317765
317766
317767
317768
317769
317770
317771
317772
317773
317774
317775
317776
317777
317778
317779
317780
317781
317782
317866
317867
317868
317869
317870
317871
317872
317873
317874
317875
121267
317876
121268
317877
317878
121270
317879
121271
317880
317881
121273
317882
121274
317883
317884
121276
317885
121277
317886
317887
121279
317888
121280
317889
317890
121282
317891
121283
317892
317893
121285
121286
121288
121289
121291
121292
121294
121295
121297
121298
121300
121301
121303
121304
121306
121307
121309
121310
121312
121313
334306
334307
121315
121316
121318
121319
121321
121322
121325
334361
334363
317979
317980
317981
317982
317983
317984
317985
317986
317987
317988
317989
317990
317991
317992
317993
317994
317995
317996
317997
317998
317999
318000
318001
318002
318003
318004
318005
318006
191045
191046
191048
191049
191051
191052
191054
191055
334416
191057
334418
191058
334419
191060
191061
191063
121431
191064
121433
191066
121434
191067
121436
191069
121437
191070
121439
191072
121440
191073
121442
191075
121443
191076
121445
191078
121446
191079
121448
191081
121449
191082
121451
191084
121452
191085
121454
191087
121455
191088
121457
191090
121458
191091
121460
191093
121461
191094
121463
121464
121466
121467
121469
121470
121472
121473
121475
121476
121478
121479
121481
121482
121484
121485
318094
318096
121488
318098
318100
318102
318104
334489
334490
318106
334491
334492
318108
334493
318110
318112
318114
318116
318118
318120
334554
334556
334557
334558
334559
162534
162535
191209
162537
191210
162538
191212
162540
191213
162541
191215
162543
191216
162544
191218
162546
191219
162547
191221
162549
191222
162550
191224
162552
191225
162553
191227
162555
191228
162556
121597
191230
162558
121598
191231
162559
121600
191233
162561
121601
191234
162562
121603
191236
162564
121604
191237
162565
121606
191239
162567
121607
191240
162568
121609
191242
162570
121610
191243
162571
121612
191245
162573
121613
191246
162574
121615
191248
162576
121616
191249
162577
121618
191251
162579
121619
191252
162580
121621
191254
162582
121622
191255
162583
121624
191257
121625
191258
162586
121627
121628
121630
334623
121631
334624
334625
121633
334626
121634
334628
121636
121637
121639
121640
121642
121643
121645
121646
121648
121649
334694
334695
334696
334697
334698
162698
162699
162701
162702
191376
162704
191377
162705
191379
162707
191380
162708
191382
162710
191383
162711
191385
162713
191386
162714
191388
162716
191389
162717
191391
162719
191392
162720
191394
162722
191395
162723
121764
191397
162725
121765
191398
162726
121767
191400
162728
121768
191401
162729
121770
191403
162731
121771
191404
162732
334765
121773
334766
191406
162734
121774
334767
191407
162735
121776
334769
191409
162737
121777
334770
191410
162738
121779
191412
162740
121780
191413
162741
121782
191415
162743
121783
191416
162744
121785
191418
162746
121786
191419
162747
121788
191421
121789
191422
162750
121791
191424
121792
191425
121794
121797
121800
121803
121806
121809
121812
121815
56305
56306
56308
56309
334838
334839
56311
56312
334841
334842
56314
334843
56315
56317
56318
56320
56321
56323
56324
56326
56327
56329
56330
56332
56333
56335
56336
56338
56339
56341
56342
56344
56345
56347
56348
56350
56351
56353
56354
56356
56357
56359
56360
56362
56363
56365
56366
56368
162865
56369
162866
162868
162869
162871
162872
162874
162875
191549
162877
191550
162878
191551
162880
191553
162881
191554
162883
191556
162884
191557
334918
162886
334919
191559
162887
334920
191560
334921
162889
191562
162890
191563
162892
191565
162893
162895
191568
162896
162898
191571
162899
162901
191574
162902
162904
191577
162905
162907
191580
162908
162910
191583
162911
162913
191586
162914
191589
162917
191592
191595
56457
56458
56460
56461
56463
56464
56466
56467
56469
56470
335000
56472
335001
56473
335002
335003
56475
56476
56478
56479
56481
56482
56484
56485
68774
68775
56487
56488
68777
68778
56490
56491
68780
68781
56493
56494
68783
68784
56496
56497
68786
68787
56499
44211
56500
68789
68790
56502
44214
56503
68792
68793
56505
44217
56506
68795
68796
56508
44220
56509
68798
68799
56511
44223
56512
68801
68802
56514
44226
56515
68804
68805
56517
44229
56518
68807
68808
56520
44232
56521
68810
68811
68813
68814
68816
68817
68819
68820
68822
68823
68825
68826
163035
163036
68828
68829
163038
163039
68831
68832
163041
163042
68834
68835
163044
163045
68838
163047
163048
163050
163051
163053
163054
163056
163057
163059
163062
163065
335098
335099
335100
163068
335101
335102
163071
163074
163077
163080
163083
56615
56616
56617
56619
56620
56622
56623
56625
56626
56628
56629
56631
56632
56634
56635
56637
56638
44350
44351
56640
56641
44353
44354
56643
68932
56644
44356
68933
44357
68934
56646
56647
44359
68936
44360
68937
56649
56650
44362
68939
44363
68940
56652
56653
44365
68942
44366
68943
56655
56656
44368
68945
44369
68946
56658
56659
44371
68948
44372
68949
56661
56662
44374
68951
44375
68952
56664
56665
44377
335194
68954
44378
335195
68955
56667
335196
56668
44380
335197
68957
44381
68958
56670
335199
56671
44383
68960
44384
68961
56673
56674
44386
68963
44387
68964
56676
56677
44389
68966
44390
68967
44392
68969
44393
68970
44395
68972
44396
68973
44398
68975
44399
68976
44401
68978
44402
68979
44404
68981
44405
68982
44407
68984
44408
68985
44410
68987
44411
68988
44413
68990
44414
68991
44417
68994
56777
56778
56780
56781
56783
335312
56784
44496
335313
44497
335314
56786
335315
56787
44499
335316
44500
56789
56790
44502
44503
56792
56793
44505
44506
56795
56796
44508
44509
56798
56799
44511
44512
56801
56802
44514
69091
44515
69092
56804
56805
44517
69094
44518
69095
56807
56808
44520
69097
44521
69098
56810
56811
44523
69100
44524
69101
56813
56814
44526
69103
44527
69104
56816
56817
44529
69106
44530
69107
56819
44532
69109
44533
69110
56822
44535
69112
44536
69113
56825
44538
69115
44539
69116
56828
44541
69118
44542
69119
56831
44544
69121
44545
69122
56834
44547
69124
44548
69125
56837
44550
69127
44551
69128
44553
69130
44554
69131
44556
69133
44557
69134
44559
69136
44560
69137
69139
69140
69142
69143
69145
69146
69148
69149
69152
335433
335434
335435
335437
335438
44648
44650
44651
44653
44654
44656
44657
44659
44660
44662
44663
44665
44666
44668
44669
44671
44672
44674
44675
44677
44678
69255
69256
44680
44681
69258
69259
44683
44684
69261
69262
44686
44687
69264
69265
44689
44690
69267
69268
44692
44693
69270
69271
44695
44696
69273
69274
44698
44699
69276
69277
44701
44702
69279
69280
44704
44705
69282
69283
44707
44708
81573
69285
69286
44710
81575
44711
81576
69288
69289
81578
81579
69291
69292
81581
81582
69294
134831
134832
81584
81585
69297
134834
134835
81587
81588
69300
134837
134838
81590
81591
69303
134840
134841
81593
81594
69306
134843
134844
81596
81597
69309
134846
134847
81599
81600
69312
134849
134850
81602
81603
134852
134853
81605
81606
134855
335560
134856
81608
335561
81609
134858
335563
134859
81611
335564
81612
335565
134861
134862
81614
81615
134864
134865
81617
81618
134867
134868
81620
81621
134870
134871
81623
81624
134873
134874
81626
81627
134876
134877
81629
81630
134879
134880
81632
81633
134882
134883
81636
134885
134886
44805
44806
44808
44809
44811
44812
44814
44815
44817
44818
44820
44821
44823
44824
44826
44827
44829
44830
44832
44833
44835
44836
44838
44839
44841
44842
44844
44845
44847
44848
44850
44853
44856
44859
44862
44865
81733
81734
81736
81737
81739
81740
81742
81743
81745
335698
81746
335699
134995
335700
134996
81748
335701
134997
81749
134999
81751
135000
81752
135002
81754
135003
81755
135005
81757
135006
81758
135008
81760
135009
81761
135011
81763
135012
81764
135014
81766
135015
81767
135017
81769
135018
81770
135020
81772
135021
81773
135023
81775
135024
81776
135026
81778
135027
81779
135029
81781
135030
81782
135032
81784
135033
81785
135035
81787
135036
81788
135038
81790
135039
81791
135041
135042
135044
135045
135047
135048
335838
335839
335840
335841
81894
81895
81897
81898
81900
81901
81903
81904
81906
81907
81909
81910
135160
81912
135161
81913
135163
81915
135164
81916
135166
81918
135167
81919
)


// ************************************************************************* //
