/*--------------------------------*- C++ -*----------------------------------*\
| =========                 |                                                 |
| \\      /  F ield         | OpenFOAM: The Open Source CFD Toolbox           |
|  \\    /   O peration     | Version:                                        |
|   \\  /    A nd           | Website:  www.openfoam.com                      |
|    \\/     M anipulation  |                                                 |
\*---------------------------------------------------------------------------*/
FoamFile
{
    version     2.0;
    format      ascii;
    class       cellSet;
    location    "constant/polyMesh/sets";
    object      highAspectRatioCells;
}
// * * * * * * * * * * * * * * * * * * * * * * * * * * * * * * * * * * * * * //


3254
(
253952
237568
16384
0
253953
237569
1
253954
2
253955
3
253956
4
253957
5
253958
6
253959
7
253960
8
253961
9
254016
237632
64
254017
237633
65
254018
237634
66
254019
237635
67
254020
68
254021
69
254022
70
254080
237696
128
254081
237697
129
254082
237698
130
254083
237699
131
254084
237700
132
254085
237701
133
254086
134
254087
135
254144
237760
192
254145
237761
193
254146
237762
194
254147
237763
195
254148
237764
196
254149
237765
197
254150
237766
198
254151
237767
199
254152
237768
200
254153
201
254154
202
254208
237824
256
254209
237825
257
254210
237826
258
254211
237827
259
254212
237828
260
254213
237829
261
254214
237830
262
254215
237831
263
254216
237832
264
237833
237834
254272
237888
320
254273
237889
321
254274
237890
322
254275
237891
323
254276
237892
324
254277
237893
325
237894
326
237895
254336
237952
384
254337
237953
385
254338
237954
386
254339
237955
387
237956
388
237957
237958
254400
238016
448
254401
238017
449
238018
450
238019
238020
238021
238022
238023
238024
238025
238080
221696
512
238081
221697
238082
238083
238084
238085
238086
238087
238088
238089
238144
221760
238145
221761
238146
221762
238147
221763
238148
238149
238150
238208
221824
238209
221825
238210
221826
238211
221827
238212
221828
238213
221829
238214
221830
238215
238272
221888
238273
221889
238274
221890
238275
221891
238276
221892
238277
221893
238278
221894
238279
221895
238280
221896
238281
238282
238336
221952
238337
221953
238338
221954
238339
221955
238340
221956
238341
221957
238342
221958
238343
221959
238344
221960
221961
221962
238400
222016
238401
222017
238402
222018
238403
222019
238404
222020
238405
222021
222022
222023
238464
222080
238465
222081
238466
222082
238467
222083
222084
222085
222086
238528
222144
238529
222145
222146
222147
222148
222149
222150
222151
222152
222153
222208
205824
222209
205825
222210
222211
222212
222213
222214
222215
222216
222217
222272
205888
222273
205889
222274
205890
222275
205891
222276
222277
222278
222336
205952
222337
205953
222338
205954
222339
205955
222340
205956
222341
205957
222342
205958
222343
222400
206016
222401
206017
222402
206018
222403
206019
222404
206020
222405
206021
222406
206022
222407
206023
222408
206024
222409
222410
222464
206080
222465
206081
222466
206082
222467
206083
222468
206084
222469
206085
222470
206086
222471
206087
222472
206088
206089
206090
222528
206144
222529
206145
222530
206146
222531
206147
222532
206148
222533
206149
206150
206151
222592
206208
222593
206209
222594
206210
222595
206211
206212
206213
206214
222656
206272
222657
206273
206274
206275
206276
206277
206278
206279
206280
206281
443904
206336
189952
443905
206337
189953
206338
206339
206340
206341
206342
206343
206344
206345
443968
206400
190016
443969
206401
190017
443970
206402
190018
443971
206403
190019
206404
190020
206405
206406
444032
206464
190080
444033
206465
190081
444034
206466
190082
444035
206467
190083
444036
206468
190084
444037
206469
190085
206470
190086
206471
444096
206528
190144
444097
206529
190145
444098
206530
190146
444099
206531
190147
444100
206532
190148
444101
206533
190149
444102
206534
190150
444103
206535
190151
206536
190152
206537
206538
444160
206592
190208
444161
206593
190209
444162
206594
190210
444163
206595
190211
444164
206596
190212
444165
206597
190213
444166
206598
190214
444167
206599
190215
444168
206600
190216
444169
190217
444170
190218
444224
206656
190272
444225
206657
190273
444226
206658
190274
444227
206659
190275
444228
206660
190276
444229
206661
190277
444230
206662
190278
190279
444288
206720
190336
444289
206721
190337
444290
206722
190338
444291
206723
190339
444292
190340
444293
190341
444294
190342
444352
206784
190400
444353
206785
190401
444354
190402
444355
190403
444356
190404
444357
190405
444358
190406
444359
190407
444360
190408
444361
190409
428032
190464
174080
428033
190465
174081
190466
174082
190467
190468
190469
190470
190471
190472
190473
428096
190528
174144
428097
190529
174145
428098
190530
174146
428099
190531
174147
190532
174148
190533
190534
428160
190592
174208
428161
190593
174209
428162
190594
174210
428163
190595
174211
428164
190596
174212
428165
190597
174213
190598
174214
190599
428224
190656
174272
428225
190657
174273
428226
190658
174274
428227
190659
174275
428228
190660
174276
428229
190661
174277
428230
190662
174278
428231
190663
174279
190664
174280
190665
190666
428288
190720
174336
428289
190721
174337
428290
190722
174338
428291
190723
174339
428292
190724
174340
428293
190725
174341
428294
190726
174342
428295
190727
174343
428296
190728
174344
428297
174345
428298
174346
428352
190784
174400
428353
190785
174401
428354
190786
174402
428355
190787
174403
428356
190788
174404
428357
190789
174405
428358
190790
174406
174407
428416
190848
174464
428417
190849
174465
428418
190850
174466
428419
190851
174467
428420
174468
428421
174469
428422
174470
428480
190912
174528
158144
428481
190913
174529
428482
174530
428483
174531
428484
174532
428485
174533
428486
174534
428487
174535
428488
174536
428489
174537
428544
412160
174592
158208
428545
412161
174593
158209
428546
174594
158210
428547
174595
428548
174596
428549
174597
428550
174598
428551
174599
428552
174600
428553
174601
428608
412224
174656
158272
428609
412225
174657
158273
428610
412226
174658
158274
428611
412227
174659
158275
428612
174660
158276
428613
174661
428614
174662
428672
412288
174720
158336
428673
412289
174721
158337
428674
412290
174722
158338
428675
412291
174723
158339
428676
412292
174724
158340
428677
412293
174725
158341
428678
174726
158342
174727
428736
412352
174784
158400
428737
412353
174785
158401
428738
412354
174786
158402
428739
412355
174787
158403
428740
412356
174788
158404
428741
412357
174789
158405
428742
412358
174790
158406
428743
412359
174791
158407
428744
174792
158408
428745
174793
428746
174794
428800
412416
174848
158464
428801
412417
174849
158465
428802
412418
174850
158466
428803
412419
174851
158467
428804
412420
174852
158468
428805
412421
174853
158469
428806
412422
174854
158470
428807
412423
174855
158471
412424
174856
158472
412425
158473
412426
158474
428864
412480
174912
158528
428865
412481
174913
158529
428866
412482
174914
158530
428867
412483
174915
158531
428868
412484
174916
158532
428869
412485
174917
158533
412486
174918
158534
158535
428928
412544
174976
158592
428929
412545
174977
158593
428930
412546
174978
158594
428931
412547
174979
158595
412548
174980
158596
412549
158597
412550
158598
428992
412608
175040
158656
142272
428993
412609
175041
158657
412610
158658
412611
158659
412612
158660
412613
158661
412614
158662
412615
158663
412616
158664
412617
158665
412672
396288
158720
142336
412673
396289
158721
142337
412674
158722
142338
412675
158723
412676
158724
412677
158725
412678
158726
412679
158727
412680
158728
412681
158729
412736
396352
158784
142400
412737
396353
158785
142401
412738
396354
158786
142402
412739
396355
158787
142403
412740
158788
142404
412741
158789
412742
158790
412800
396416
158848
142464
412801
396417
158849
142465
412802
396418
158850
142466
412803
396419
158851
142467
412804
396420
158852
142468
412805
396421
158853
142469
412806
158854
142470
158855
412864
396480
158912
142528
412865
396481
158913
142529
412866
396482
158914
142530
412867
396483
158915
142531
412868
396484
158916
142532
412869
396485
158917
142533
412870
396486
158918
142534
412871
396487
158919
142535
412872
158920
142536
412873
158921
412874
158922
412928
396544
158976
142592
412929
396545
158977
142593
412930
396546
158978
142594
412931
396547
158979
142595
412932
396548
158980
142596
412933
396549
158981
142597
412934
396550
158982
142598
412935
396551
158983
142599
396552
158984
142600
396553
142601
396554
142602
412992
396608
159040
142656
412993
396609
159041
142657
412994
396610
159042
142658
412995
396611
159043
142659
412996
396612
159044
142660
412997
396613
159045
142661
396614
159046
142662
142663
413056
396672
159104
142720
413057
396673
159105
142721
413058
396674
159106
142722
413059
396675
159107
142723
396676
159108
142724
396677
142725
396678
142726
413120
396736
159168
142784
126400
413121
396737
159169
142785
396738
159170
142786
396739
142787
396740
142788
396741
142789
396742
142790
396743
142791
396744
142792
396745
142793
396800
380416
142848
126464
396801
380417
142849
126465
396802
142850
126466
396803
142851
396804
142852
396805
142853
396806
142854
396807
142855
396808
142856
396809
142857
396864
380480
142912
126528
396865
380481
142913
126529
396866
380482
142914
126530
396867
380483
142915
126531
396868
142916
126532
396869
142917
396870
142918
396928
380544
142976
126592
396929
380545
142977
126593
396930
380546
142978
126594
396931
380547
142979
126595
396932
380548
142980
126596
396933
380549
142981
126597
396934
142982
126598
142983
396992
380608
143040
126656
396993
380609
143041
126657
396994
380610
143042
126658
396995
380611
143043
126659
396996
380612
143044
126660
396997
380613
143045
126661
396998
380614
143046
126662
396999
380615
143047
126663
397000
143048
126664
397001
143049
397002
143050
397056
380672
143104
126720
397057
380673
143105
126721
397058
380674
143106
126722
397059
380675
143107
126723
397060
380676
143108
126724
397061
380677
143109
126725
397062
380678
143110
126726
397063
380679
143111
126727
380680
143112
126728
380681
126729
380682
126730
397120
380736
143168
126784
397121
380737
143169
126785
397122
380738
143170
126786
397123
380739
143171
126787
397124
380740
143172
126788
397125
380741
143173
126789
380742
143174
126790
126791
397184
380800
143232
126848
397185
380801
143233
126849
397186
380802
143234
126850
397187
380803
143235
126851
380804
143236
126852
380805
126853
380806
126854
397248
380864
143296
126912
110528
397249
380865
143297
126913
380866
143298
126914
380867
126915
380868
126916
380869
126917
380870
126918
380871
126919
380872
126920
380873
126921
380928
364544
143360
126976
110592
380929
364545
126977
110593
380930
126978
110594
380931
126979
380932
126980
380933
126981
380934
126982
380935
126983
380936
126984
380937
126985
380992
364608
127040
110656
380993
364609
127041
110657
380994
364610
127042
110658
380995
364611
127043
110659
380996
127044
110660
380997
127045
380998
127046
381056
364672
127104
110720
381057
364673
127105
110721
381058
364674
127106
110722
381059
364675
127107
110723
381060
364676
127108
110724
381061
364677
127109
110725
381062
127110
110726
127111
381120
364736
127168
110784
381121
364737
127169
110785
381122
364738
127170
110786
381123
364739
127171
110787
381124
364740
127172
110788
381125
364741
127173
110789
381126
364742
127174
110790
381127
364743
127175
110791
381128
127176
110792
381129
127177
381130
127178
381184
364800
127232
110848
381185
364801
127233
110849
381186
364802
127234
110850
381187
364803
127235
110851
381188
364804
127236
110852
381189
364805
127237
110853
381190
364806
127238
110854
381191
364807
127239
110855
364808
127240
110856
364809
110857
364810
110858
381248
364864
127296
110912
381249
364865
127297
110913
381250
364866
127298
110914
381251
364867
127299
110915
381252
364868
127300
110916
381253
364869
127301
110917
364870
127302
110918
110919
381312
364928
127360
110976
381313
364929
127361
110977
381314
364930
127362
110978
381315
364931
127363
110979
364932
127364
110980
364933
110981
364934
110982
381376
364992
127424
111040
94656
381377
364993
127425
111041
364994
127426
111042
364995
111043
364996
111044
364997
111045
364998
111046
364999
111047
365000
111048
365001
111049
365056
348672
127488
111104
94720
365057
348673
111105
94721
365058
111106
94722
365059
111107
365060
111108
365061
111109
365062
111110
365063
111111
365064
111112
365065
111113
365120
348736
111168
94784
365121
348737
111169
94785
365122
348738
111170
94786
365123
348739
111171
94787
365124
111172
94788
365125
111173
365126
111174
365184
348800
111232
94848
365185
348801
111233
94849
365186
348802
111234
94850
365187
348803
111235
94851
365188
348804
111236
94852
365189
348805
111237
94853
365190
111238
94854
111239
365248
348864
111296
94912
365249
348865
111297
94913
365250
348866
111298
94914
365251
348867
111299
94915
365252
348868
111300
94916
365253
348869
111301
94917
365254
348870
111302
94918
365255
348871
111303
94919
365256
111304
94920
365257
111305
365258
111306
365312
348928
111360
94976
365313
348929
111361
94977
365314
348930
111362
94978
365315
348931
111363
94979
365316
348932
111364
94980
365317
348933
111365
94981
365318
348934
111366
94982
365319
348935
111367
94983
348936
111368
94984
348937
94985
348938
94986
365376
348992
111424
95040
365377
348993
111425
95041
365378
348994
111426
95042
365379
348995
111427
95043
365380
348996
111428
95044
365381
348997
111429
95045
348998
111430
95046
348999
95047
365440
349056
111488
95104
365441
349057
111489
95105
365442
349058
111490
95106
365443
349059
111491
95107
349060
111492
95108
349061
95109
349062
95110
365504
349120
111552
95168
78784
365505
349121
111553
95169
349122
111554
95170
349123
95171
349124
95172
349125
95173
349126
95174
349127
95175
349128
95176
349129
95177
349184
332800
111616
95232
78848
349185
332801
95233
78849
349186
95234
78850
349187
95235
349188
95236
349189
95237
349190
95238
349191
95239
349192
95240
349193
95241
349248
332864
95296
78912
349249
332865
95297
78913
349250
332866
95298
78914
349251
332867
95299
78915
349252
95300
78916
349253
95301
349254
95302
349312
332928
95360
78976
349313
332929
95361
78977
349314
332930
95362
78978
349315
332931
95363
78979
349316
332932
95364
78980
349317
332933
95365
78981
349318
95366
78982
95367
349376
332992
95424
79040
349377
332993
95425
79041
349378
332994
95426
79042
349379
332995
95427
79043
349380
332996
95428
79044
349381
332997
95429
79045
349382
332998
95430
79046
349383
332999
95431
79047
349384
95432
79048
349385
95433
349386
95434
349440
333056
95488
79104
349441
333057
95489
79105
349442
333058
95490
79106
349443
333059
95491
79107
349444
333060
95492
79108
349445
333061
95493
79109
349446
333062
95494
79110
349447
333063
95495
79111
333064
95496
79112
333065
79113
333066
79114
349504
333120
95552
79168
349505
333121
95553
79169
349506
333122
95554
79170
349507
333123
95555
79171
349508
333124
95556
79172
349509
333125
95557
79173
333126
95558
79174
333127
79175
349568
333184
95616
79232
349569
333185
95617
79233
349570
333186
95618
79234
349571
333187
95619
79235
333188
95620
79236
333189
79237
333190
79238
349632
333248
95680
79296
62912
349633
333249
95681
79297
333250
95682
79298
333251
79299
333252
79300
333253
79301
333254
79302
333255
79303
333256
79304
333257
79305
333312
316928
95744
79360
62976
333313
316929
79361
62977
333314
79362
62978
333315
79363
333316
79364
333317
79365
333318
79366
333319
79367
333320
79368
333321
79369
333376
316992
79424
63040
333377
316993
79425
63041
333378
316994
79426
63042
333379
316995
79427
63043
333380
79428
63044
333381
79429
333382
79430
333440
317056
79488
63104
333441
317057
79489
63105
333442
317058
79490
63106
333443
317059
79491
63107
333444
317060
79492
63108
333445
317061
79493
63109
333446
79494
63110
333447
79495
333504
317120
79552
63168
333505
317121
79553
63169
333506
317122
79554
63170
333507
317123
79555
63171
333508
317124
79556
63172
333509
317125
79557
63173
333510
317126
79558
63174
333511
317127
79559
63175
333512
79560
63176
333513
79561
333514
79562
333568
317184
79616
63232
333569
317185
79617
63233
333570
317186
79618
63234
333571
317187
79619
63235
333572
317188
79620
63236
333573
317189
79621
63237
333574
317190
79622
63238
333575
317191
79623
63239
317192
79624
63240
317193
63241
317194
63242
333632
317248
79680
63296
333633
317249
79681
63297
333634
317250
79682
63298
333635
317251
79683
63299
333636
317252
79684
63300
333637
317253
79685
63301
317254
79686
63302
317255
63303
333696
317312
79744
63360
333697
317313
79745
63361
333698
317314
79746
63362
333699
317315
79747
63363
317316
79748
63364
317317
63365
317318
63366
333760
317376
79808
63424
47040
333761
317377
79809
63425
317378
79810
63426
317379
63427
317380
63428
317381
63429
317382
63430
317383
63431
317384
63432
317385
63433
317440
301056
79872
63488
47104
317441
301057
63489
47105
317442
63490
47106
317443
63491
317444
63492
317445
63493
317446
63494
317447
63495
317448
63496
317449
63497
317504
301120
63552
47168
317505
301121
63553
47169
317506
301122
63554
47170
317507
301123
63555
47171
317508
63556
47172
317509
63557
317510
63558
317568
301184
63616
47232
317569
301185
63617
47233
317570
301186
63618
47234
317571
301187
63619
47235
317572
301188
63620
47236
317573
301189
63621
47237
317574
63622
47238
317575
63623
317632
301248
63680
47296
317633
301249
63681
47297
317634
301250
63682
47298
317635
301251
63683
47299
317636
301252
63684
47300
317637
301253
63685
47301
317638
301254
63686
47302
317639
301255
63687
47303
317640
63688
47304
317641
63689
317642
63690
317696
301312
63744
47360
317697
301313
63745
47361
317698
301314
63746
47362
317699
301315
63747
47363
317700
301316
63748
47364
317701
301317
63749
47365
317702
301318
63750
47366
317703
301319
63751
47367
301320
63752
47368
301321
47369
301322
47370
317760
301376
63808
47424
317761
301377
63809
47425
317762
301378
63810
47426
317763
301379
63811
47427
317764
301380
63812
47428
317765
301381
63813
47429
301382
63814
47430
301383
47431
317824
301440
63872
47488
317825
301441
63873
47489
317826
301442
63874
47490
317827
301443
63875
47491
301444
63876
47492
301445
47493
301446
47494
317888
301504
63936
47552
31168
317889
301505
63937
47553
301506
63938
47554
301507
47555
301508
47556
301509
47557
301510
47558
301511
47559
301512
47560
301513
47561
301568
285184
64000
47616
31232
301569
285185
47617
31233
301570
47618
31234
301571
47619
301572
47620
301573
47621
301574
47622
301575
47623
301576
47624
301577
47625
301632
285248
47680
31296
301633
285249
47681
31297
301634
285250
47682
31298
301635
285251
47683
31299
301636
47684
31300
301637
47685
301638
47686
301696
285312
47744
31360
301697
285313
47745
31361
301698
285314
47746
31362
301699
285315
47747
31363
301700
285316
47748
31364
301701
285317
47749
31365
301702
47750
31366
301703
47751
301760
285376
47808
31424
301761
285377
47809
31425
301762
285378
47810
31426
301763
285379
47811
31427
301764
285380
47812
31428
301765
285381
47813
31429
301766
285382
47814
31430
301767
285383
47815
31431
301768
285384
47816
31432
301769
47817
301770
47818
301824
285440
47872
31488
301825
285441
47873
31489
301826
285442
47874
31490
301827
285443
47875
31491
301828
285444
47876
31492
301829
285445
47877
31493
301830
285446
47878
31494
301831
285447
47879
31495
285448
47880
31496
285449
31497
285450
31498
301888
285504
47936
31552
301889
285505
47937
31553
301890
285506
47938
31554
301891
285507
47939
31555
301892
285508
47940
31556
301893
285509
47941
31557
285510
47942
31558
285511
31559
301952
285568
48000
31616
301953
285569
48001
31617
301954
285570
48002
31618
301955
285571
48003
31619
285572
48004
31620
285573
31621
285574
31622
302016
285632
48064
31680
15296
302017
285633
48065
31681
285634
48066
31682
285635
31683
285636
31684
285637
31685
285638
31686
285639
31687
285640
31688
285641
31689
285696
269312
48128
31744
15360
285697
269313
31745
15361
285698
31746
15362
285699
31747
285700
31748
285701
31749
285702
31750
285703
31751
285704
31752
285705
31753
285760
269376
31808
15424
285761
269377
31809
15425
285762
269378
31810
15426
285763
269379
31811
15427
285764
31812
15428
285765
31813
285766
31814
285824
269440
31872
15488
285825
269441
31873
15489
285826
269442
31874
15490
285827
269443
31875
15491
285828
269444
31876
15492
285829
269445
31877
15493
285830
31878
15494
285831
31879
285888
269504
31936
15552
285889
269505
31937
15553
285890
269506
31938
15554
285891
269507
31939
15555
285892
269508
31940
15556
285893
269509
31941
15557
285894
269510
31942
15558
285895
269511
31943
15559
285896
269512
31944
15560
285897
31945
285898
31946
285952
269568
32000
15616
285953
269569
32001
15617
285954
269570
32002
15618
285955
269571
32003
15619
285956
269572
32004
15620
285957
269573
32005
15621
285958
269574
32006
15622
285959
269575
32007
15623
269576
32008
15624
269577
15625
269578
15626
286016
269632
32064
15680
286017
269633
32065
15681
286018
269634
32066
15682
286019
269635
32067
15683
286020
269636
32068
15684
286021
269637
32069
15685
269638
32070
15686
269639
15687
286080
269696
32128
15744
286081
269697
32129
15745
286082
269698
32130
15746
286083
269699
32131
15747
269700
32132
15748
269701
15749
269702
15750
286144
269760
32192
15808
286145
269761
32193
15809
269762
32194
15810
269763
15811
269764
15812
269765
15813
269766
15814
269767
15815
269768
15816
269769
15817
269824
253440
32256
15872
269825
253441
15873
269826
15874
269827
15875
269828
15876
269829
15877
269830
15878
269831
15879
269832
15880
269833
15881
269888
253504
15936
269889
253505
15937
269890
253506
15938
269891
253507
15939
269892
15940
269893
15941
269894
15942
269952
253568
16000
269953
253569
16001
269954
253570
16002
269955
253571
16003
269956
253572
16004
269957
253573
16005
269958
16006
269959
16007
270016
253632
16064
270017
253633
16065
270018
253634
16066
270019
253635
16067
270020
253636
16068
270021
253637
16069
270022
253638
16070
270023
253639
16071
270024
253640
16072
270025
16073
270026
16074
270080
253696
16128
270081
253697
16129
270082
253698
16130
270083
253699
16131
270084
253700
16132
270085
253701
16133
270086
253702
16134
270087
253703
16135
270088
253704
16136
253705
253706
270144
253760
16192
270145
253761
16193
270146
253762
16194
270147
253763
16195
270148
253764
16196
270149
253765
16197
253766
16198
253767
270208
253824
16256
270209
253825
16257
270210
253826
16258
270211
253827
16259
253828
16260
253829
253830
270272
253888
16320
270273
253889
16321
253890
16322
253891
253892
253893
253894
253895
253896
253897
)


// ************************************************************************* //
