/*--------------------------------*- C++ -*----------------------------------*\
| =========                 |                                                 |
| \\      /  F ield         | OpenFOAM: The Open Source CFD Toolbox           |
|  \\    /   O peration     | Version:                                        |
|   \\  /    A nd           | Website:  www.openfoam.com                      |
|    \\/     M anipulation  |                                                 |
\*---------------------------------------------------------------------------*/
FoamFile
{
    version     2.0;
    format      ascii;
    class       faceSet;
    location    "constant/polyMesh/sets";
    object      nonOrthoFaces;
}
// * * * * * * * * * * * * * * * * * * * * * * * * * * * * * * * * * * * * * //


9054
(
196865
196869
196872
196875
196878
196881
196884
196887
196890
196893
196896
196899
196902
196905
196908
196911
196914
196917
622961
622965
622968
622971
622974
622977
622980
622983
622986
622989
622992
622995
622998
197056
197057
197059
197060
197062
197063
197065
197066
197068
197069
197071
197072
197074
197075
197077
197078
197080
197081
197083
197084
197086
197087
197089
197090
197092
197093
197095
197096
197098
197099
197101
197102
197104
197105
197107
197108
197110
197111
197113
197114
197116
197117
197119
197120
197122
197123
197125
197126
623152
623153
623155
623156
623158
623159
623161
623162
623164
623165
623167
623168
623170
623171
623173
623174
623176
623177
623179
623180
623182
623183
623185
623186
623188
623189
623191
623192
623194
623195
623197
623198
623200
623201
623203
623204
623206
623207
623209
623210
623212
623213
180846
180849
180852
180855
180858
180861
197247
197248
180864
197250
197251
180867
197253
197254
180870
197256
197257
180873
197259
197260
180876
197262
197263
180879
197265
197266
180882
197268
197269
180885
197271
197272
180888
197274
197275
197277
197278
1049248
197280
1049249
197281
1049251
197283
1049252
197284
1049254
197286
1049255
197287
1049257
197289
1049258
197290
1049260
197292
1049261
197293
1049263
197295
1049264
197296
1049266
197298
1049267
197299
1049269
197301
1049270
197302
1049272
197304
1049273
197305
1049275
197307
1049276
197308
1049278
197310
1049279
197311
1049281
197313
1049282
197314
1049284
197316
1049285
197317
1049287
1049288
1049290
1049291
1049293
1049294
1049296
1049297
1049299
1049300
1049303
623343
623344
623346
623347
623349
623350
623352
623353
623355
623356
623358
623359
623361
623362
623364
623365
623367
623368
623370
623371
623373
623374
623376
623377
623379
623380
623382
623383
623385
623386
623388
623389
623391
623392
623394
623395
623397
623398
623400
623401
623403
623404
181036
181037
181039
181040
181042
181043
181045
181046
181048
181049
181051
181052
197438
181054
197439
181055
197441
181057
197442
181058
197444
181060
197445
181061
197447
181063
197448
181064
197450
181066
197451
181067
197453
181069
197454
181070
197456
181072
197457
181073
197459
181075
197460
181076
197462
181078
197463
181079
197465
181081
197466
181082
197468
181084
197469
181085
1049439
197471
181087
1049440
197472
181088
1049442
197474
181090
1049443
197475
181091
1049445
197477
181093
1049446
197478
181094
1049448
197480
181096
1049449
197481
181097
1049451
197483
181099
1049452
197484
181100
1049454
197486
181102
1049455
197487
181103
1049457
197489
181105
1049458
197490
181106
1049460
197492
1049461
197493
1049463
197495
1049464
197496
1049466
197498
1049467
197499
1049469
197501
1049470
197502
1049472
197504
1049473
197505
1049475
197507
1049476
197508
1049478
1049479
197511
1049481
1049482
1049484
1049485
1049487
1049488
1049490
1049491
1049494
607132
607133
607135
607136
607138
607139
607141
607142
607144
607145
607147
607148
623534
607150
623535
607151
623537
607153
623538
607154
623540
607156
623541
607157
623543
607159
623544
607160
623546
607162
623547
607163
623549
607165
623550
607166
623552
607168
623553
607169
623555
607171
623556
607172
623558
607174
623559
607175
623561
607177
623562
607178
623564
607180
623565
607181
623567
607183
623568
607184
623570
607186
623571
607187
623573
607189
623574
607190
623576
607192
623577
607193
623579
623580
623582
623583
623585
623586
623588
623589
623591
623592
623594
623595
181227
181228
181230
181231
181233
181234
181236
181237
181239
181240
181242
181243
197629
181245
197630
181246
197632
181248
197633
181249
197635
181251
197636
181252
197638
181254
197639
181255
197641
181257
197642
181258
1033228
197644
181260
1033229
197645
181261
1033231
197647
181263
1033232
197648
181264
1033234
197650
181266
1033235
197651
181267
1033237
197653
181269
1033238
197654
181270
1033240
197656
181272
1033241
197657
181273
1033243
197659
181275
1033244
197660
181276
1049630
1033246
197662
181278
1049631
1033247
197663
181279
1049633
1033249
197665
181281
1049634
1033250
197666
181282
1049636
1033252
197668
181284
1049637
1033253
197669
181285
1049639
1033255
197671
181287
1049640
1033256
197672
181288
1049642
1033258
197674
181290
1049643
1033259
181291
1049645
1033261
197677
181293
1049646
1033262
181294
1049648
1033264
197680
181296
1049649
1033265
181297
1049651
1033267
197683
1049652
1033268
1049654
1033270
197686
1049655
1033271
1049657
1033273
197689
1049658
1033274
1049660
1033276
197692
1049661
1033277
1049663
1033279
197695
1049664
1033280
1049666
197698
1049667
1033283
1049669
1049670
1049672
1049673
1049675
1049676
1049678
1049679
1049681
1049682
1049685
607323
607324
607326
607327
607329
607330
607332
607333
607335
607336
607338
607339
623725
607341
607342
623728
607344
607345
623731
607347
607348
623734
607350
607351
623737
607353
607354
623740
607356
607357
623743
607359
607360
623746
607362
607363
623749
607365
607366
623752
607368
607369
623755
607371
607372
623758
607374
607375
623761
607377
607378
623764
607380
607381
623767
607383
607384
623770
623773
623776
623779
623782
623785
181418
181419
181421
181422
181424
181425
181427
181428
181430
181431
181433
181434
181436
181437
181439
181440
181442
181443
181445
181446
181448
181449
1033419
181451
1033420
181452
1033422
181454
1033423
181455
1033425
181457
1033426
181458
1033428
181460
1033429
181461
1033431
181463
1033432
181464
1033434
181466
1033435
181467
1049821
1033437
181469
1033438
181470
1049824
1033440
181472
1033441
181473
1049827
1033443
181475
1033444
181476
1049830
1033446
181478
1033447
181479
1049833
1033449
181481
1033450
181482
1049836
1033452
181484
1033453
181485
1049839
1033455
181487
1033456
181488
1049842
1033458
1033459
1049845
1033461
1033462
1049848
1033464
1033465
1049851
1033467
1033468
1049854
1033470
1033471
1049857
1033474
1049860
1049863
1049866
1049869
1049872
607514
607515
607517
607518
607520
607521
607523
607524
607526
607527
607529
607530
607532
607533
607535
607536
607538
607539
607541
607542
607544
607545
607547
607548
607550
607551
607553
607554
607556
607557
607559
607560
607562
607563
607565
607566
607568
607569
607571
607572
607574
607575
181609
181610
181612
181613
181615
181616
181618
181619
181621
181622
181624
181625
181627
181628
181630
181631
181633
181634
181636
181637
181639
181640
1033610
181642
1033611
181643
1033613
181645
1033614
181646
1033616
181648
1033617
181649
1033619
181651
1033620
181652
1033622
181654
1033623
181655
1033625
181657
1033626
181658
1033628
181660
1033629
181661
1033631
181663
1033632
1033634
181666
1033635
1033637
181669
1033638
1033640
181672
1033641
1033643
181675
1033644
1033646
181678
1033647
1033649
1033650
1033652
1033653
1033655
1033656
1033658
1033659
1033661
1033662
1033665
607705
607706
607708
607709
607711
607712
607714
607715
607717
607718
607720
607721
607723
607724
607726
607727
607729
607730
607732
607733
607735
607736
607738
607739
607741
607742
607744
607747
607750
607753
607756
607759
607762
607765
1033801
1033804
1033807
1033810
1033813
1033816
1033819
1033822
1033825
1033828
1033831
1033834
1033837
1033840
1033843
1033846
1033849
1033852
149521
149525
149528
149531
149534
149537
149540
149543
149546
149549
149552
149555
149558
149561
149564
149567
149570
149573
149576
575617
575621
575624
575627
575630
575633
575636
575639
575642
575645
575648
575651
575654
575657
149712
149713
149715
149716
149718
149719
149721
149722
149724
149725
149727
149728
149730
149731
149733
149734
149736
149737
149739
149740
149742
149743
149745
149746
149748
149749
149751
149752
149754
149755
149757
149758
149760
149761
149763
149764
149766
149767
149769
149770
149772
149773
149775
149776
149778
149779
149781
149782
149785
575808
575809
575811
575812
575814
575815
575817
575818
575820
575821
575823
575824
575826
575827
575829
575830
575832
575833
575835
575836
575838
575839
575841
575842
575844
575845
575847
575848
575850
575851
575853
575854
575856
575857
575859
575860
575862
575863
575865
575866
575868
575869
133502
575872
133505
133508
133511
133514
133517
149903
149904
133520
149906
149907
133523
149909
149910
133526
149912
149913
133529
149915
149916
133532
149918
149919
133535
149921
149922
133538
149924
149925
133541
149927
149928
133544
149930
149931
133547
149933
149934
1001904
149936
1001905
149937
1001907
149939
1001908
149940
1001910
149942
1001911
149943
1001913
149945
1001914
149946
1001916
149948
1001917
149949
1001919
149951
1001920
149952
1001922
149954
1001923
149955
1001925
149957
1001926
149958
1001928
149960
1001929
149961
1001931
149963
1001932
149964
1001934
149966
1001935
149967
1001937
149969
1001938
149970
1001940
149972
1001941
149973
1001943
1001944
149976
1001946
1001947
1001949
1001950
1001952
1001953
1001955
1001956
1001958
1001959
575999
576000
576002
576003
576005
576006
576008
576009
576011
576012
576014
576015
576017
576018
576020
576021
576023
576024
576026
576027
576029
576030
576032
576033
576035
576036
576038
576039
576041
576042
576044
576045
576047
576048
576050
576051
576053
576054
576056
576057
576059
576060
133692
133693
576063
133695
133696
133698
133699
133701
133702
133704
133705
133707
133708
150094
133710
150095
133711
150097
133713
150098
133714
150100
133716
150101
133717
150103
133719
150104
133720
150106
133722
150107
133723
150109
133725
150110
133726
150112
133728
150113
133729
150115
133731
150116
133732
150118
133734
150119
133735
150121
133737
150122
133738
150124
133740
150125
133741
1002095
150127
133743
1002096
150128
133744
1002098
150130
133746
1002099
150131
133747
1002101
150133
133749
1002102
150134
133750
1002104
150136
133752
1002105
150137
133753
1002107
150139
133755
1002108
150140
133756
1002110
150142
133758
1002111
150143
133759
1002113
150145
133761
1002114
150146
133762
1002116
150148
1002117
150149
133765
1002119
150151
1002120
150152
1002122
150154
1002123
150155
1002125
150157
1002126
150158
1002128
150160
1002129
150161
1002131
150163
1002132
150164
1002134
1002135
150167
1002137
1002138
1002140
1002141
1002143
1002144
1002146
1002147
1002149
1002150
559788
559789
559791
559792
559794
559795
559797
559798
559800
559801
559803
559804
576190
559806
576191
559807
576193
559809
576194
559810
576196
559812
576197
559813
576199
559815
576200
559816
576202
559818
576203
559819
576205
559821
576206
559822
576208
559824
576209
559825
576211
559827
576212
559828
576214
559830
576215
559831
576217
559833
576218
559834
576220
559836
576221
559837
576223
559839
576224
559840
576226
559842
576227
559843
576229
559845
576230
559846
576232
559848
576233
559849
576235
576236
559852
576238
576239
576241
576242
576244
576245
576247
576248
576250
576251
133883
133884
576254
133886
133887
133889
133890
133892
133893
133895
133896
133898
133899
150285
133901
150286
133902
150288
133904
150289
133905
150291
133907
150292
133908
150294
133910
150295
133911
150297
133913
150298
133914
985884
150300
133916
985885
150301
133917
985887
150303
133919
985888
150304
133920
985890
150306
133922
985891
150307
133923
985893
150309
133925
985894
150310
133926
985896
150312
133928
985897
150313
133929
985899
150315
133931
985900
150316
133932
1002286
985902
150318
133934
1002287
985903
150319
133935
1002289
985905
150321
133937
1002290
985906
150322
133938
1002292
985908
150324
133940
1002293
985909
150325
133941
1002295
985911
150327
133943
1002296
985912
150328
133944
1002298
985914
150330
133946
1002299
985915
150331
133947
1002301
985917
150333
133949
1002302
985918
133950
1002304
985920
150336
133952
1002305
985921
133953
1002307
985923
150339
1002308
985924
133956
1002310
985926
150342
1002311
985927
1002313
985929
150345
1002314
985930
1002316
985932
150348
1002317
985933
1002319
985935
150351
1002320
985936
1002322
985938
150354
1002323
985939
1002325
1002326
1002328
1002329
1002331
1002332
1002334
1002335
1002337
1002338
1002340
1002341
559979
559980
559982
559983
559985
559986
559988
559989
559991
559992
559994
559995
576381
559997
559998
576384
560000
560001
576387
560003
560004
576390
560006
560007
576393
560009
560010
576396
560012
560013
576399
560015
560016
576402
560018
560019
576405
560021
560022
576408
560024
560025
576411
560027
560028
576414
560030
560031
576417
560033
560034
576420
560036
560037
576423
560039
560040
576426
576429
576432
576435
576438
576441
134074
134075
134077
134078
134080
134081
134083
134084
134086
134087
134089
134090
134092
134093
134095
134096
134098
134099
134101
134102
134104
134105
986075
134107
986076
134108
986078
134110
986079
134111
986081
134113
986082
134114
986084
134116
986085
134117
986087
134119
986088
134120
986090
134122
986091
134123
1002477
986093
134125
986094
134126
1002480
986096
134128
986097
134129
1002483
986099
134131
986100
134132
1002486
986102
134134
986103
134135
1002489
986105
134137
986106
134138
1002492
986108
134140
986109
134141
1002495
986111
134143
986112
134144
1002498
986114
986115
134147
1002501
986117
986118
1002504
986120
986121
1002507
986123
986124
1002510
986126
986127
1002513
986130
1002516
1002519
1002522
1002525
1002528
1002531
560170
560171
560173
560174
560176
560177
560179
560180
560182
560183
560185
560186
560188
560189
560191
560192
560194
560195
560197
560198
560200
560201
560203
560204
560206
560207
560209
560210
560212
560213
560215
560216
560218
560219
560221
560222
560224
560225
560227
560228
560230
560231
134265
134266
134268
134269
134271
134272
134274
134275
134277
134278
134280
134281
134283
134284
134286
134287
134289
134290
134292
134293
134295
134296
986266
134298
986267
134299
986269
134301
986270
134302
986272
134304
986273
134305
986275
134307
986276
134308
986278
134310
986279
134311
986281
134313
986282
134314
986284
134316
986285
134317
986287
134319
986288
134320
986290
134322
986291
986293
134325
986294
986296
134328
986297
986299
134331
986300
986302
134334
986303
986305
986306
986308
986309
986311
986312
986314
986315
986317
986318
986321
560361
560362
560364
560365
560367
560368
560370
560371
560373
560374
560376
560377
560379
560380
560382
560383
560385
560386
560388
560389
560391
560392
560394
560395
560397
560398
560400
560401
560403
560406
560409
560412
560415
560418
560421
986457
986460
986463
986464
986466
986467
986469
986470
986472
986473
986475
986478
986481
986484
986487
986490
986493
986496
986499
986502
986505
986508
102177
102181
102184
102187
102190
102193
102196
102199
102202
102205
102208
102211
102214
102217
102220
102223
102226
102229
102232
528273
528277
528280
528283
528286
528289
528292
528295
528298
528301
528304
528307
528310
528313
102368
102369
102371
102372
102374
102375
102377
102378
102380
102381
102383
102384
102386
102387
102389
102390
102392
102393
102395
102396
102398
102399
102401
102402
102404
102405
102407
954376
102408
102410
954379
102411
102413
954382
102414
102416
954385
102417
102419
954388
102420
102422
102423
102425
102426
102428
102429
102431
102432
102434
102435
102437
102438
102440
102441
528464
528465
528467
528468
528470
528471
528473
528474
528476
528477
528479
528480
528482
528483
528485
528486
528488
528489
528491
528492
528494
528495
528497
528498
528500
528501
528503
528504
528506
528507
528509
528510
528512
528513
528515
528516
528518
528519
528521
528522
528524
528525
86158
528528
86161
86164
86167
86170
86173
102559
102560
86176
102562
102563
86179
102565
102566
86182
102568
102569
86185
102571
102572
86188
102574
102575
86191
102577
102578
86194
102580
102581
86197
102583
102584
86200
102586
102587
86203
102589
102590
86206
954560
102592
954561
102593
954563
102595
954564
102596
954566
102598
954567
102599
954569
102601
954570
102602
954572
102604
954573
102605
954575
102607
954576
102608
954578
102610
954579
102611
954581
102613
954582
102614
954584
102616
954585
102617
954587
102619
954588
102620
954590
102622
954591
102623
954593
102625
954594
102626
954596
102628
954597
102629
954599
102631
954600
102632
954602
954603
954605
954606
954608
954609
954611
954612
954614
954615
528655
528656
528658
528659
528661
528662
528664
528665
528667
528668
528670
528671
528673
528674
528676
528677
528679
528680
528682
528683
528685
528686
528688
528689
528691
528692
528694
528695
528697
528698
528700
528701
528703
528704
528706
528707
528709
528710
528712
528713
528715
528716
86348
86349
528719
86351
86352
86354
86355
86357
86358
86360
86361
86363
86364
102750
86366
102751
86367
102753
86369
102754
86370
102756
86372
102757
86373
102759
86375
102760
86376
102762
86378
102763
86379
102765
86381
102766
86382
102768
86384
102769
86385
102771
86387
102772
86388
102774
86390
102775
86391
102777
86393
102778
86394
102780
86396
102781
86397
954751
102783
86399
954752
102784
86400
954754
102786
86402
954755
102787
86403
954757
102789
86405
954758
102790
86406
954760
102792
86408
954761
102793
86409
954763
102795
86411
954764
102796
86412
954766
102798
86414
954767
102799
86415
954769
102801
86417
954770
102802
86418
954772
102804
86420
954773
102805
86421
954775
102807
954776
102808
954778
102810
954779
102811
954781
102813
954782
102814
954784
102816
954785
102817
954787
102819
954788
102820
954790
102822
954791
102823
954793
954794
954796
954797
954799
954800
954802
954803
954805
954806
512444
512445
512447
512448
512450
512451
512453
512454
512456
512457
512459
512460
528846
512462
528847
512463
528849
512465
528850
512466
528852
512468
528853
512469
528855
512471
528856
512472
528858
512474
528859
512475
528861
512477
528862
512478
528864
512480
528865
512481
528867
512483
528868
512484
528870
512486
528871
512487
528873
512489
528874
512490
528876
512492
528877
512493
528879
512495
528880
512496
528882
512498
528883
512499
528885
512501
528886
512502
528888
512504
528889
512505
528891
528892
512508
528894
528895
528897
528898
528900
528901
528903
528904
528906
528907
86539
86540
528910
86542
86543
86545
86546
86548
86549
86551
86552
86554
86555
102941
86557
102942
86558
102944
86560
102945
86561
102947
86563
102948
86564
102950
86566
102951
86567
102953
86569
102954
86570
938540
102956
86572
938541
102957
86573
938543
102959
86575
938544
102960
86576
938546
102962
86578
938547
102963
86579
938549
102965
86581
938550
102966
86582
938552
102968
86584
938553
102969
86585
938555
102971
86587
938556
102972
86588
954942
938558
102974
86590
954943
938559
102975
86591
954945
938561
102977
86593
954946
938562
102978
86594
954948
938564
102980
86596
954949
938565
102981
86597
954951
938567
102983
86599
954952
938568
102984
86600
954954
938570
102986
86602
954955
938571
102987
86603
954957
938573
102989
86605
954958
938574
86606
954960
938576
102992
86608
954961
938577
86609
954963
938579
102995
86611
954964
938580
86612
954966
938582
102998
954967
938583
954969
938585
103001
954970
938586
954972
938588
103004
954973
938589
954975
938591
103007
954976
938592
954978
938594
103010
954979
938595
954981
103013
954982
954984
954985
954987
954988
954990
954991
954993
954994
954996
954997
512635
512636
512638
512639
512641
512642
512644
512645
512647
512648
512650
512651
529037
512653
512654
529040
512656
512657
529043
512659
512660
529046
512662
512663
529049
512665
512666
529052
512668
512669
529055
512671
512672
529058
512674
512675
529061
512677
512678
529064
512680
512681
529067
512683
512684
529070
512686
512687
529073
512689
512690
529076
512692
512693
529079
512695
512696
529082
512699
529085
529088
529091
529094
529097
86730
86731
529100
86733
86734
86736
86737
86739
86740
86742
86743
86745
86746
86748
86749
86751
86752
86754
86755
86757
86758
86760
86761
938731
86763
938732
86764
938734
86766
938735
86767
938737
86769
938738
86770
938740
86772
938741
86773
938743
86775
938744
86776
938746
86778
938747
86779
955133
938749
86781
938750
86782
955136
938752
86784
938753
86785
955139
938755
86787
938756
86788
955142
938758
86790
938759
86791
955145
938761
86793
938762
86794
955148
938764
86796
938765
86797
955151
938767
86799
938768
86800
955154
938770
86802
938771
86803
955157
938773
938774
955160
938776
938777
955163
938779
938780
955166
938782
938783
955169
938785
938786
955172
955175
955178
955181
955184
955187
512826
512827
512829
512830
512832
512833
512835
512836
512838
512839
512841
512842
512844
512845
512847
512848
512850
512851
512853
512854
512856
512857
512859
512860
512862
512863
512865
512866
512868
512869
512871
512872
512874
512875
512877
512878
512880
512881
512883
512884
512886
512887
512890
86921
86922
86924
86925
86927
86928
86930
86931
86933
86934
86936
86937
86939
86940
86942
86943
86945
86946
86948
86949
86951
86952
938922
86954
938923
86955
938925
86957
938926
86958
938928
86960
938929
86961
938931
86963
938932
86964
938934
86966
938935
86967
938937
86969
938938
86970
938940
86972
938941
86973
938943
86975
938944
86976
938946
86978
938947
86979
938949
86981
938950
938952
86984
938953
938955
86987
938956
938958
86990
938959
938961
86993
938962
938964
938965
938967
938968
938970
938971
938973
938974
938976
938977
513017
513018
513020
513021
513023
513024
513026
513027
513029
513030
513032
513033
513035
513036
513038
513039
513041
513042
513044
513045
513047
513048
513050
513051
513053
513054
513056
513057
513059
513062
513065
513068
513071
513074
513077
939113
939114
939116
939117
939119
939120
939122
939123
939125
939126
939128
939129
939131
939132
939134
939135
939137
939140
939143
939146
939149
939152
939155
939158
939161
939164
939167
1283408
1283409
1283410
1283411
1283412
1283413
1283414
1283415
1283416
1283417
1283418
1283419
1283420
1283421
1283422
1283423
1283424
1283425
1283426
1283427
1283428
1283429
1283430
1283431
1283432
1283433
1283434
1283435
1283436
1283437
1283438
1283439
1283440
1283441
1283443
1283535
1283536
1283537
1283538
1283539
1283540
1283541
1283542
1283543
1283544
1283545
1283546
1283547
1283548
1283549
1283550
1283551
1283552
1283553
1283554
1283555
1283556
1283557
1283558
1283559
1283560
1283561
1283562
1283563
1283564
1283565
1283566
1283567
1283568
1283570
54833
54837
54840
54843
54846
54849
54852
54855
54858
54861
1283662
1283663
1283664
54864
1283665
1283666
1283667
54867
1283668
1283669
1283670
54870
1283671
1283672
1283673
54873
1283674
1283675
1283676
54876
1283677
1283678
1283679
54879
1283680
1283681
1283682
54882
1283683
1283684
1283685
54885
1283686
1283687
1283688
54888
1283689
1283690
1283691
54891
1283692
1283693
1283694
1283695
1283697
480929
480933
480936
480939
480942
480945
480948
480951
480954
480957
480960
480963
480966
480969
480972
1283789
1283791
1283793
1283795
1283797
1283799
1283801
1283803
1283805
1283807
1283809
1283811
1283813
1283815
1283817
1283819
1283821
55024
55025
55027
55028
55030
55031
55033
55034
55036
55037
55039
55040
55042
55043
55045
55046
55048
55049
55051
55052
55054
55055
907025
55057
55058
55060
907029
55061
55063
907032
55064
55066
907035
55067
55069
907038
55070
55072
907041
55073
55075
907044
55076
55078
907047
55079
55081
55082
55084
55085
55087
55088
55090
55091
55093
55094
55096
55097
55100
481120
481121
481123
481124
481126
481127
481129
481130
481132
481133
481135
481136
481138
481139
481141
481142
481144
481145
481147
481148
481150
481151
481153
481154
481156
481157
481159
481160
481162
481163
481165
481166
481168
481169
481171
481172
481174
481175
481177
481178
481180
481181
38814
481183
481184
38817
38820
38823
38826
38829
55215
55216
38832
55218
55219
38835
55221
55222
38838
55224
55225
38841
55227
55228
38844
55230
55231
38847
55233
55234
38850
55236
55237
38853
55239
55240
38856
55242
55243
38859
55245
55246
38862
907216
55248
907217
55249
38865
907219
55251
907220
55252
907222
55254
907223
55255
907225
55257
907226
55258
907228
55260
907229
55261
907231
55263
907232
55264
907234
55266
907235
55267
907237
55269
907238
55270
907240
55272
907241
55273
907243
55275
907244
55276
907246
55278
907247
55279
907249
55281
907250
55282
907252
55284
907253
55285
907255
55287
907256
55288
907258
907259
55291
907261
907262
907264
907265
907267
907268
907270
907271
907274
481311
481312
481314
481315
481317
481318
481320
481321
481323
481324
481326
481327
481329
481330
481332
481333
481335
481336
481338
481339
481341
481342
481344
481345
481347
481348
481350
481351
481353
481354
481356
481357
481359
481360
481362
481363
481365
481366
481368
481369
481371
481372
39004
39005
481374
481375
39007
39008
39010
39011
39013
39014
39016
39017
39019
39020
55406
39022
55407
39023
55409
39025
55410
39026
55412
39028
55413
39029
55415
39031
55416
39032
55418
39034
55419
39035
55421
39037
55422
39038
55424
39040
55425
39041
55427
39043
55428
39044
55430
39046
55431
39047
55433
39049
55434
39050
55436
39052
55437
39053
907407
55439
39055
907408
55440
39056
907410
55442
39058
907411
55443
39059
907413
55445
39061
907414
55446
39062
907416
55448
39064
907417
55449
39065
907419
55451
39067
907420
55452
39068
907422
55454
39070
907423
55455
39071
907425
55457
39073
907426
55458
39074
907428
55460
39076
907429
55461
39077
907431
55463
907432
55464
39080
907434
55466
907435
55467
907437
55469
907438
55470
907440
55472
907441
55473
907443
55475
907444
55476
907446
55478
907447
55479
907449
907450
55482
907452
907453
907455
907456
907458
907459
907461
907462
907465
465100
465101
465103
465104
465106
465107
465109
465110
465112
465113
465115
465116
481502
465118
481503
465119
481505
465121
481506
465122
481508
465124
481509
465125
481511
465127
481512
465128
481514
465130
481515
465131
481517
465133
481518
465134
481520
465136
481521
465137
481523
465139
481524
465140
481526
465142
481527
465143
481529
465145
481530
465146
481532
465148
481533
465149
481535
465151
481536
465152
481538
465154
481539
465155
481541
465157
481542
465158
481544
465160
481545
465161
481547
465163
481548
465164
481550
481551
481553
481554
481556
481557
481559
481560
481562
481563
39195
39196
481565
481566
39198
39199
39201
39202
39204
39205
39207
39208
39210
39211
55597
39213
55598
39214
55600
39216
55601
39217
55603
39219
55604
39220
55606
39222
55607
39223
55609
39225
55610
39226
891196
55612
39228
891197
55613
39229
891199
55615
39231
891200
55616
39232
891202
55618
39234
891203
55619
39235
891205
55621
39237
891206
55622
39238
891208
55624
39240
891209
55625
39241
891211
55627
39243
891212
55628
39244
907598
891214
55630
39246
907599
891215
55631
39247
907601
891217
55633
39249
907602
891218
55634
39250
907604
891220
55636
39252
907605
891221
55637
39253
907607
891223
55639
39255
907608
891224
55640
39256
907610
891226
55642
39258
907611
891227
55643
39259
907613
891229
55645
39261
907614
891230
55646
39262
907616
891232
55648
39264
907617
891233
39265
907619
891235
55651
39267
907620
891236
39268
907622
891238
55654
907623
891239
39271
907625
891241
55657
907626
891242
907628
891244
55660
907629
891245
907631
891247
55663
907632
891248
907634
891250
55666
907635
891251
907637
55669
907638
907640
907641
907643
907644
907646
907647
907649
907650
907652
907653
907656
465291
465292
465294
465295
465297
465298
465300
465301
465303
465304
465306
465307
481693
465309
465310
481696
465312
465313
481699
465315
465316
481702
465318
465319
481705
465321
465322
481708
465324
465325
481711
465327
465328
481714
465330
465331
481717
465333
465334
481720
465336
465337
481723
465339
465340
481726
465342
465343
481729
465345
465346
481732
465348
465349
481735
465351
465352
481738
465354
465355
481741
481744
481747
481750
481753
39386
39387
481756
39389
39390
39392
39393
39395
39396
39398
39399
39401
39402
39404
39405
39407
39408
39410
39411
39413
39414
39416
39417
891387
39419
891388
39420
891390
39422
891391
39423
891393
39425
891394
39426
891396
39428
891397
39429
891399
39431
891400
39432
891402
39434
891403
39435
907789
891405
39437
891406
39438
907792
891408
39440
891409
39441
907795
891411
39443
891412
39444
907798
891414
39446
891415
39447
907801
891417
39449
891418
39450
907804
891420
39452
891421
39453
907807
891423
39455
891424
39456
907810
891426
39458
891427
39459
907813
891429
891430
39462
907816
891432
891433
907819
891435
891436
907822
891438
891439
907825
891441
891442
907828
907831
907834
907837
907840
907843
465482
465483
465485
465486
465488
465489
465491
465492
465494
465495
465497
465498
465500
465501
465503
465504
465506
465507
465509
465510
465512
465513
465515
465516
465518
465519
465521
465522
465524
465525
465527
465528
465530
465531
465533
465534
465536
465537
465539
465540
465542
465543
465545
465546
39577
39578
39580
39581
39583
39584
39586
39587
39589
39590
39592
39593
39595
39596
39598
39599
39601
39602
39604
39605
39607
39608
891578
39610
891579
39611
891581
39613
891582
39614
891584
39616
891585
39617
891587
39619
891588
39620
891590
39622
891591
39623
891593
39625
891594
39626
891596
39628
891597
39629
891599
39631
891600
39632
891602
39634
891603
39635
891605
39637
891606
891608
39640
891609
891611
39643
891612
891614
39646
891615
891617
39649
891618
891620
891621
891623
891624
891626
891627
891629
891630
891632
891633
465673
465674
465676
465677
465679
465680
465682
465683
465685
465686
465688
465689
465691
465692
465694
465695
465697
465698
465700
465701
465703
465704
465706
465707
465709
465710
465712
465713
465715
465716
465718
465721
465724
465727
465730
465733
465736
891769
891770
891772
891773
891775
891776
891778
891779
891781
891782
891784
891785
891787
891788
891790
891791
891793
891794
891796
891799
891802
891805
891808
891811
891814
891817
891820
891823
7489
7493
7496
7499
7502
7505
7508
7511
7514
7517
7520
7523
7526
7529
7532
7535
7538
7541
7544
7547
7550
433585
433589
433592
433595
433598
433601
433604
433607
433610
433613
433616
433619
433622
433625
433628
7680
7681
7683
7684
7686
7687
7689
7690
7692
7693
7695
7696
7698
7699
7701
7702
7704
7705
7707
7708
7710
7711
859681
7713
7714
7716
859685
7717
7719
859688
7720
7722
859691
7723
7725
859694
7726
7728
859697
7729
7731
859700
7732
7734
859703
7735
7737
859706
7738
7740
7741
7743
7744
7746
7747
7749
7750
7752
7753
7755
7756
433776
433777
433779
433780
433782
433783
433785
433786
433788
433789
433791
433792
433794
433795
433797
433798
433800
433801
433803
433804
433806
433807
433809
433810
433812
433813
433815
433816
433818
433819
433821
433822
433824
433825
433827
433828
433830
433831
433833
433834
433836
433837
433839
433840
433843
7871
7872
7874
7875
7877
7878
7880
7881
7883
7884
7886
7887
7889
7890
7892
7893
7895
7896
7898
7899
7901
7902
859872
7904
859873
7905
859875
7907
859876
7908
859878
7910
859879
7911
859881
7913
859882
7914
859884
7916
859885
7917
859887
7919
859888
7920
859890
7922
859891
7923
859893
7925
859894
7926
859896
7928
859897
7929
859899
7931
859900
7932
859902
7934
859903
7935
859905
7937
859906
7938
859908
7940
859909
7941
859911
7943
859912
7944
859914
7946
859915
7947
859917
859918
859920
859921
859923
859924
859926
859927
859930
417569
417572
417575
417578
417581
433967
433968
417584
433970
433971
417587
433973
433974
417590
433976
433977
433979
433980
433982
433983
433985
433986
433988
433989
433991
433992
433994
433995
433997
433998
434000
434001
434003
434004
434006
434007
434009
434010
434012
434013
434015
434016
434018
434019
434021
434022
434024
434025
434027
434028
434030
434031
434034
8062
8063
8065
8066
8068
8069
8071
8072
8074
8075
8077
8078
8080
8081
8083
8084
8086
8087
8089
8090
8092
8093
860063
8095
860064
8096
860066
8098
860067
8099
860069
8101
860070
8102
860072
8104
860073
8105
860075
8107
860076
8108
860078
8110
860079
8111
860081
8113
860082
8114
860084
8116
860085
8117
860087
8119
860088
8120
860090
8122
860091
8123
860093
8125
860094
8126
860096
8128
860097
8129
860099
8131
860100
8132
860102
8134
860103
8135
860105
8137
860106
8138
860108
860109
860111
860112
860114
860115
860117
860118
860121
417756
417757
417759
417760
417762
417763
417765
417766
417768
417769
417771
417772
434158
417774
434159
417775
434161
417777
434162
417778
434164
417780
434165
417781
434167
417783
434168
417784
434170
417786
434171
417787
434173
417789
434174
417790
434176
417792
434177
417793
434179
417795
434180
417796
434182
417798
434183
417799
434185
417801
434186
417802
434188
417804
434189
417805
434191
417807
434192
417808
434194
417810
434195
417811
434197
417813
434198
417814
434200
417816
434201
417817
434203
417819
434204
417820
434206
434207
417823
434209
434210
434212
434213
434215
434216
434218
434219
434221
434222
434225
8253
8254
8256
8257
8259
8260
8262
8263
8265
8266
843852
8268
843853
8269
843855
8271
843856
8272
843858
8274
843859
8275
843861
8277
843862
8278
843864
8280
843865
8281
843867
8283
843868
8284
860254
843870
8286
860255
843871
8287
860257
843873
8289
860258
843874
8290
860260
843876
8292
860261
843877
8293
860263
843879
8295
860264
843880
8296
860266
843882
8298
860267
843883
8299
860269
843885
8301
860270
843886
8302
860272
843888
8304
860273
843889
8305
860275
843891
8307
860276
843892
860278
843894
8310
860279
843895
860281
843897
8313
860282
843898
860284
843900
8316
860285
843901
860287
843903
8319
860288
843904
860290
843906
8322
860291
843907
860293
8325
860294
843910
860296
8328
860297
860299
860300
860302
860303
860305
860306
860308
860309
860312
417947
417948
417950
417951
417953
417954
417956
417957
417959
417960
417962
417963
434349
417965
417966
434352
417968
417969
434355
417971
417972
434358
417974
417975
434361
417977
417978
1269948
434364
417980
1269949
417981
1269951
434367
417983
1269952
417984
1269954
434370
417986
1269955
417987
1269957
434373
417989
1269958
417990
1269960
434376
417992
1269961
417993
1269963
434379
417995
1269964
417996
1269966
434382
417998
1269967
417999
1269969
434385
418001
1269970
418002
1269972
434388
418004
1269973
418005
1269975
434391
418007
1269976
418008
1269978
434394
418010
1269979
418011
1269981
434397
1269982
1269984
434400
1269985
1269987
434403
1269988
1269990
434406
1269991
1269993
434409
1269994
1269996
434412
1269997
1270000
844043
844044
844046
844047
844049
844050
844052
844053
844055
844056
844058
844059
860445
844061
844062
860448
844064
844065
860451
844067
844068
860454
844070
844071
860457
844073
844074
860460
844076
844077
860463
844079
844080
860466
844082
844083
860469
844085
844086
860472
844088
844089
860475
844091
844092
860478
844094
844095
860481
844097
844098
860484
844101
860487
860490
860493
860496
860499
418138
418139
418141
418142
418144
418145
418147
418148
418150
418151
418153
418154
418156
418157
418159
418160
418162
418163
418165
418166
418168
418169
1270139
418171
1270140
418172
1270142
418174
1270143
418175
1270145
418177
1270146
418178
1270148
418180
1270149
418181
1270151
418183
1270152
418184
1270154
418186
1270155
418187
1270157
418189
1270158
418190
1270160
418192
1270161
418193
1270163
418195
1270164
418196
1270166
418198
1270167
418199
1270169
418201
1270170
418202
1270172
1270173
1270175
1270176
1270178
1270179
1270181
1270182
1270184
1270185
1270187
1270188
1270191
844234
844235
844237
844238
844240
844241
844243
844244
844246
844247
844249
844250
844252
844253
844255
844256
844258
844259
844261
844262
844264
844265
844267
844268
844270
844271
844273
844274
844276
844277
844279
844280
844282
844283
844285
844286
844288
844289
844292
418329
418330
418332
418333
418335
418336
418338
418339
418341
418342
418344
418345
418347
418348
418350
418351
418353
418354
418356
418357
418359
418360
1270330
418362
1270331
418363
1270333
418365
1270334
418366
1270336
418368
1270337
418369
1270339
418371
1270340
418372
1270342
418374
1270343
418375
1270345
418377
1270346
1270348
418380
1270349
1270351
418383
1270352
1270354
418386
1270355
1270357
418389
1270358
1270360
418392
1270361
1270363
1270364
1270366
1270367
1270369
1270370
1270372
1270373
1270375
1270376
1270378
1270379
844425
844426
844428
844429
844431
844432
844434
844435
844437
844438
844440
844441
844443
844444
844446
844447
844449
844450
844452
844453
844455
844458
844461
844464
844467
844470
844473
844476
844479
1270521
1270524
1270527
1270530
1270533
1270536
1270539
1270542
1270545
1270548
1270551
1270554
1270557
1270560
1270563
1270566
1270569
386241
386245
386248
386251
386254
386257
386260
386263
386266
386269
386272
386275
386278
386281
386284
386287
812337
812341
812344
812347
812350
812353
812356
812359
812362
812365
386432
386433
386435
386436
386438
386439
386441
386442
386444
386445
386447
386448
386450
386451
386453
386454
386456
386457
386459
386460
386462
386463
386465
386466
386468
386469
386471
386472
386474
386475
386477
386478
386480
386481
386483
386484
386486
386487
386489
386490
386492
386493
386495
386496
386499
812528
812529
812531
812532
812534
812535
812537
812538
812540
812541
812543
812544
812546
812547
812549
812550
812552
812553
812555
812556
812558
812559
812561
812562
812564
812565
812567
812568
812570
812571
812573
812574
812576
812577
812579
812580
812582
812583
812585
812586
370222
370225
370228
370231
370234
370237
386623
386624
370240
386626
386627
370243
386629
386630
370246
386632
386633
370249
386635
386636
370252
386638
386639
386641
386642
386644
386645
386647
386648
386650
386651
386653
386654
1238624
386656
1238625
386657
1238627
386659
1238628
386660
1238630
386662
1238631
386663
1238633
386665
1238634
386666
1238636
386668
1238637
386669
1238639
386671
1238640
386672
1238642
386674
1238643
386675
1238645
386677
1238646
386678
1238648
386680
1238649
386681
1238651
386683
1238652
386684
1238654
386686
1238655
386687
1238657
1238658
386690
1238660
1238661
1238663
1238664
1238666
1238667
1238669
1238670
1238672
1238673
1238676
1304236
1304237
1304238
1304239
812719
1304240
812720
1304241
1304242
812722
1304243
812723
1304244
1304245
812725
1304246
812726
1304247
1304248
812728
1304249
812729
1304250
1304251
812731
1304252
812732
1304253
1304254
812734
1304255
812735
1304256
1304257
812737
1304258
812738
1304259
1304260
812740
1304261
812741
1304262
1304263
812743
1304264
812744
1304265
1304266
812746
1304267
812747
1304268
1304269
812749
812750
812752
812753
812755
812756
812758
812759
812761
812762
812764
812765
812767
812768
812770
812771
812773
812774
812776
812777
370412
370413
370415
370416
370418
370419
370421
370422
370424
370425
370427
370428
386814
370430
386815
370431
386817
370433
386818
370434
386820
370436
386821
370437
386823
370439
386824
370440
386826
370442
386827
370443
386829
370445
386830
370446
386832
370448
386833
370449
386835
370451
386836
370452
386838
370454
386839
370455
386841
370457
386842
370458
386844
370460
386845
370461
1238815
386847
370463
1238816
386848
370464
1238818
386850
370466
1238819
386851
370467
1238821
386853
370469
1238822
386854
370470
1238824
386856
370472
1238825
386857
370473
1304363
1238827
386859
370475
1304364
1238828
386860
370476
1304365
1304366
1238830
386862
1304367
1238831
386863
370479
1304368
1304369
1238833
386865
1304370
1238834
386866
1304371
1304372
1238836
386868
1304373
1238837
386869
1304374
1304375
1238839
386871
1304376
1238840
386872
1304377
1304378
1238842
386874
1304379
1238843
386875
1304380
1304381
1238845
386877
1304382
1238846
386878
1304383
1304384
1238848
386880
1304385
1238849
386881
1304386
1304387
1238851
1304388
1238852
1304389
1304390
1238854
1304391
1238855
1304392
1304393
1238857
1304394
1238858
1304395
1304396
1238860
1238861
1238863
1238864
1238867
796508
796509
796511
796512
796514
796515
796517
796518
796520
796521
796523
796524
812910
796526
812911
796527
812913
796529
812914
796530
812916
796532
812917
796533
812919
796535
812920
796536
812922
796538
812923
796539
812925
796541
812926
796542
812928
796544
812929
796545
812931
796547
812932
796548
812934
796550
812935
796551
812937
796553
812938
796554
812940
796556
812941
796557
812943
796559
812944
796560
812946
796562
812947
796563
812949
796565
812950
796566
812952
812953
812955
812956
812958
812959
812961
812962
812964
812965
812967
812968
1304490
1304491
370603
1304492
370604
1304493
1304494
370606
1304495
370607
1304496
1304497
370609
1304498
370610
1304499
1304500
370612
1304501
370613
1304502
1304503
370615
1304504
370616
1304505
1304506
370618
1304507
370619
1304508
1304509
387005
370621
1304510
370622
1304511
1304512
387008
370624
1304513
387009
370625
1304514
1304515
387011
370627
1304516
387012
370628
1304517
1304518
387014
370630
1304519
387015
370631
1304520
1304521
387017
370633
1304522
387018
370634
1304523
1222604
387020
370636
1222605
387021
370637
1222607
387023
370639
1222608
387024
370640
1222610
387026
370642
1222611
387027
370643
1222613
387029
370645
1222614
387030
370646
1222616
387032
370648
1222617
387033
370649
1222619
387035
370651
1222620
370652
1239006
1222622
387038
370654
1239007
1222623
370655
1239009
1222625
387041
370657
1239010
1222626
370658
1239012
1222628
387044
370660
1239013
1222629
370661
1239015
1222631
387047
370663
1239016
1222632
370664
1239018
1222634
387050
370666
1239019
1222635
370667
1239021
1222637
387053
1239022
1222638
370670
1239024
1222640
387056
1239025
1222641
1239027
1222643
387059
1239028
1222644
1239030
1222646
387062
1239031
1222647
1239033
1222649
387065
1239034
1222650
1239036
1222652
387068
1239037
1222653
1239039
387071
1239040
1222656
1239042
1239043
1239045
1239046
1239048
1239049
1239051
1239052
1239054
1239055
1239058
796699
796700
796702
796703
796705
796706
796708
796709
796711
796712
1304617
796714
1304619
796715
1304621
813101
796717
796718
1304623
813104
796720
1304625
796721
1304627
813107
796723
796724
1304629
813110
796726
1304631
796727
1304633
813113
796729
796730
1304635
813116
796732
1304637
796733
1304639
813119
796735
796736
1304641
813122
796738
1304643
796739
1304645
813125
796741
796742
1304647
813128
796744
1304649
796745
813131
796747
796748
813134
796750
796751
813137
796753
796754
813140
796756
796757
813143
813146
813149
813152
813155
813158
370794
370795
370797
370798
370800
370801
370803
370804
370806
370807
370809
370810
370812
370813
370815
370816
370818
370819
370821
370822
370824
370825
1222795
370827
1222796
370828
1222798
370830
1222799
370831
1222801
370833
1222802
370834
1222804
370836
1222805
370837
1222807
370839
1222808
370840
1222810
370842
1222811
370843
1239197
1222813
370845
1222814
370846
1239200
1222816
370848
1222817
370849
1239203
1222819
370851
1222820
370852
1239206
1222822
370854
1222823
370855
1239209
1222825
370857
1222826
370858
1239212
1222828
1222829
370861
1239215
1222831
1222832
1239218
1222834
1222835
1239221
1222837
1222838
1239224
1222840
1222841
1239227
1222843
1222844
1239230
1222847
1239233
1239236
1239239
1239242
1239245
1239248
796890
796891
796893
796894
796896
796897
796899
796900
796902
796903
796905
796906
796908
796909
796911
796912
796914
796915
796917
796918
796920
796921
796923
796924
796926
796927
796929
796930
796932
796933
796935
796936
796938
796939
796941
796942
796944
796945
796948
370985
370986
370988
370989
370991
370992
370994
370995
370997
370998
371000
371001
371003
371004
371006
371007
371009
371010
371012
371013
371015
371016
1222986
371018
1222987
371019
1222989
371021
1222990
371022
1222992
371024
1222993
371025
1222995
371027
1222996
371028
1222998
371030
1222999
371031
1223001
371033
1223002
1223004
371036
1223005
1223007
371039
1223008
1223010
371042
1223011
1223013
371045
1223014
1223016
371048
1223017
1223019
1223020
1223022
1223023
1223025
1223026
1223028
1223029
1223031
1223032
1223034
1223035
1223038
797081
797082
797084
797085
797087
797088
797090
797091
797093
797094
797096
797097
797099
797100
797102
797103
797105
797106
797108
797109
797111
797112
797114
797117
797120
797123
797126
797129
797132
797135
1223177
1223180
1223183
1223186
1223189
1223192
1223195
1223198
1223201
1223204
1223207
1223210
1223213
1223216
1223219
1223222
1223225
338897
338901
338904
338907
338910
338913
338916
338919
338922
338925
338928
338931
338934
338937
338940
338943
764993
764997
765000
765003
765006
765009
765012
765015
765018
765021
765024
339088
339089
339091
339092
339094
339095
339097
339098
339100
339101
339103
339104
339106
339107
339109
339110
339112
339113
339115
339116
339118
339119
339121
339122
339124
339125
339127
339128
339130
339131
339133
339134
339136
339137
339139
339140
339142
339143
339145
339146
339148
339149
339151
339152
339154
339155
765184
765185
765187
765188
765190
765191
765193
765194
765196
765197
765199
765200
765202
765203
765205
765206
765208
765209
765211
765212
765214
765215
765217
765218
765220
765221
765223
765224
765226
765227
765229
765230
765232
765233
765235
765236
765238
765239
765241
765242
322878
322881
322884
322887
322890
322893
339279
339280
322896
339282
339283
322899
339285
339286
322902
339288
339289
322905
339291
339292
322908
339294
339295
322911
339297
339298
339300
339301
339303
339304
339306
339307
339309
339310
1191280
339312
1191281
339313
1191283
339315
1191284
339316
1191286
339318
1191287
339319
1191289
339321
1191290
339322
1191292
339324
1191293
339325
1191295
339327
1191296
339328
1191298
339330
1191299
339331
1191301
339333
1191302
339334
1191304
339336
1191305
339337
1191307
339339
1191308
339340
1191310
339342
1191311
339343
1191313
339345
1191314
339346
1191316
1191317
1191319
1191320
1191322
1191323
1191325
1191326
1191328
1191329
1191331
1191332
765375
765376
765378
765379
765381
765382
765384
765385
765387
765388
765390
765391
765393
765394
765396
765397
765399
765400
765402
765403
765405
765406
765408
765409
765411
765412
765414
765415
765417
765418
765420
765421
765423
765424
765426
765427
765429
765430
765432
765433
323068
323069
323071
323072
323074
323075
323077
323078
323080
323081
323083
323084
339470
323086
339471
323087
339473
323089
339474
323090
339476
323092
339477
323093
339479
323095
339480
323096
339482
323098
339483
323099
339485
323101
339486
323102
339488
323104
339489
323105
339491
323107
339492
323108
339494
323110
339495
323111
339497
323113
339498
323114
339500
323116
339501
323117
1191471
339503
323119
1191472
339504
323120
1191474
339506
323122
1191475
339507
323123
1191477
339509
323125
1191478
339510
323126
1191480
339512
323128
1191481
339513
323129
1191483
339515
323131
1191484
339516
323132
1191486
339518
323134
1191487
339519
323135
1191489
339521
1191490
339522
1191492
339524
1191493
339525
1191495
339527
1191496
339528
1191498
339530
1191499
339531
1191501
339533
1191502
339534
1191504
339536
1191505
339537
1191507
1191508
1191510
1191511
1191513
1191514
1191516
1191517
1191519
1191520
1191522
1191523
749164
749165
749167
749168
749170
749171
749173
749174
749176
749177
749179
749180
765566
749182
765567
749183
765569
749185
765570
749186
765572
749188
765573
749189
765575
749191
765576
749192
765578
749194
765579
749195
765581
749197
765582
749198
765584
749200
765585
749201
765587
749203
765588
749204
765590
749206
765591
749207
765593
749209
765594
749210
765596
749212
765597
749213
765599
749215
765600
749216
765602
749218
765603
749219
765605
749221
765606
749222
765608
765609
765611
765612
765614
765615
765617
765618
765620
765621
765623
765624
323259
323260
323262
323263
323265
323266
323268
323269
323271
323272
323274
323275
339661
323277
339662
323278
339664
323280
339665
323281
339667
323283
339668
323284
339670
323286
339671
323287
339673
323289
339674
323290
1175260
339676
323292
1175261
339677
323293
1175263
339679
323295
1175264
339680
323296
1175266
339682
323298
1175267
339683
323299
1175269
339685
323301
1175270
339686
323302
1175272
339688
323304
1175273
339689
323305
1175275
339691
323307
1175276
339692
323308
1191662
1175278
339694
323310
1191663
1175279
339695
323311
1191665
1175281
339697
323313
1191666
1175282
323314
1191668
1175284
339700
323316
1191669
1175285
323317
1191671
1175287
339703
323319
1191672
1175288
323320
1191674
1175290
339706
323322
1191675
1175291
323323
1191677
1175293
339709
323325
1191678
1175294
323326
1191680
1175296
339712
1191681
1175297
1191683
1175299
339715
1191684
1175300
1191686
1175302
339718
1191687
1175303
1191689
1175305
339721
1191690
1175306
1191692
1175308
339724
1191693
1175309
1191695
1175311
339727
1191696
1175312
1191698
1191699
1191701
1191702
1191704
1191705
1191707
1191708
1191710
1191711
1191713
1191714
749355
749356
749358
749359
749361
749362
749364
749365
749367
749368
749370
749371
765757
749373
749374
765760
749376
749377
765763
749379
749380
765766
749382
749383
765769
749385
749386
765772
749388
749389
765775
749391
749392
765778
749394
749395
765781
749397
749398
765784
749400
749401
765787
749403
749404
765790
749406
749407
765793
749409
749410
765796
749412
749413
765799
765802
765805
765808
765811
765814
323450
323451
323453
323454
323456
323457
323459
323460
323462
323463
323465
323466
323468
323469
323471
323472
323474
323475
323477
323478
323480
323481
1175451
323483
1175452
323484
1175454
323486
1175455
323487
1175457
323489
1175458
323490
1175460
323492
1175461
323493
1175463
323495
1175464
323496
1175466
323498
1175467
323499
1191853
1175469
323501
1175470
323502
1191856
1175472
323504
1175473
323505
1191859
1175475
323507
1175476
323508
1191862
1175478
323510
1175479
323511
1191865
1175481
323513
1175482
323514
1191868
1175484
323516
1175485
323517
1191871
1175487
1175488
1191874
1175490
1175491
1191877
1175493
1175494
1191880
1175496
1175497
1191883
1175499
1175500
1191886
1175502
1175503
1191889
1191892
1191895
1191898
1191901
1191904
749546
749547
749549
749550
749552
749553
749555
749556
749558
749559
749561
749562
749564
749565
749567
749568
749570
749571
749573
749574
749576
749577
749579
749580
749582
749583
749585
749586
749588
749589
749591
749592
749594
749595
749597
749598
749600
749601
749603
749604
323641
323642
323644
323645
323647
323648
323650
323651
323653
323654
323656
323657
323659
323660
323662
323663
323665
323666
323668
323669
323671
323672
1175642
323674
1175643
323675
1175645
323677
1175646
323678
1175648
323680
1175649
323681
1175651
323683
1175652
323684
1175654
323686
1175655
323687
1175657
323689
1175658
323690
1175660
323692
1175661
1175663
323695
1175664
1175666
323698
1175667
1175669
323701
1175670
1175672
323704
1175673
1175675
323707
1175676
1175678
1175679
1175681
1175682
1175684
1175685
1175687
1175688
1175690
1175691
1175694
749737
749738
749740
749741
749743
749744
749746
749747
749749
749750
749752
749753
749755
749756
749758
749759
749761
749762
749764
749765
749767
749768
749770
749773
749776
749779
749782
749785
749788
749791
749794
1175833
1175836
1175839
1175842
1175845
1175848
1175851
1175854
1175857
1175860
1175863
1175866
1175869
1175872
1175875
1175878
1175881
291553
291557
291560
291563
291566
291569
291572
291575
291578
291581
291584
291587
291590
291593
291596
291599
291602
717649
717653
717656
717659
717662
717665
717668
717671
717674
717677
717680
717683
291744
291745
291747
291748
291750
291751
291753
291754
291756
291757
291759
291760
291762
291763
291765
291766
291768
291769
291771
291772
291774
291775
291777
291778
291780
291781
291783
291784
291786
291787
291789
291790
291792
291793
291795
291796
291798
291799
291801
291802
291804
291805
291807
291808
291810
291811
291814
717840
717841
717843
717844
717846
717847
717849
717850
717852
717853
717855
717856
717858
717859
717861
717862
717864
717865
717867
717868
717870
717871
717873
717874
717876
717877
717879
717880
717882
717883
717885
717886
717888
717889
717891
717892
717894
717895
717897
717898
717901
275534
275537
275540
275543
275546
275549
291935
291936
275552
291938
291939
275555
291941
291942
275558
291944
291945
275561
291947
291948
275564
291950
291951
275567
291953
291954
275570
291956
291957
291959
291960
291962
291963
291965
291966
1143936
291968
1143937
291969
1143939
291971
1143940
291972
1143942
291974
1143943
291975
1143945
291977
1143946
291978
1143948
291980
1143949
291981
1143951
291983
1143952
291984
1143954
291986
1143955
291987
1143957
291989
1143958
291990
1143960
291992
1143961
291993
1143963
291995
1143964
291996
1143966
291998
1143967
291999
1143969
292001
1143970
292002
1143972
1143973
292005
1143975
1143976
1143978
1143979
1143981
1143982
1143984
1143985
1143987
1143988
718031
718032
718034
718035
718037
718038
718040
718041
718043
718044
718046
718047
718049
718050
718052
718053
718055
718056
718058
718059
718061
718062
718064
718065
718067
718068
718070
718071
718073
718074
718076
718077
718079
718080
718082
718083
718085
718086
718088
718089
718092
275724
275725
275727
275728
275730
275731
275733
275734
275736
275737
275739
275740
292126
275742
292127
275743
292129
275745
292130
275746
292132
275748
292133
275749
292135
275751
292136
275752
292138
275754
292139
275755
292141
275757
292142
275758
292144
275760
292145
275761
292147
275763
292148
275764
292150
275766
292151
275767
292153
275769
292154
275770
292156
275772
292157
275773
1144127
292159
275775
1144128
292160
275776
1144130
292162
275778
1144131
292163
275779
1144133
292165
275781
1144134
292166
275782
1144136
292168
275784
1144137
292169
275785
1144139
292171
275787
1144140
292172
275788
1144142
292174
275790
1144143
292175
275791
1144145
292177
1144146
292178
275794
1144148
292180
1144149
292181
1144151
292183
1144152
292184
1144154
292186
1144155
292187
1144157
292189
1144158
292190
1144160
292192
1144161
292193
1144163
1144164
292196
1144166
1144167
1144169
1144170
1144172
1144173
1144175
1144176
1144178
1144179
701820
701821
701823
701824
701826
701827
701829
701830
701832
701833
701835
701836
718222
701838
718223
701839
718225
701841
718226
701842
718228
701844
718229
701845
718231
701847
718232
701848
718234
701850
718235
701851
718237
701853
718238
701854
718240
701856
718241
701857
718243
701859
718244
701860
718246
701862
718247
701863
718249
701865
718250
701866
718252
701868
718253
701869
718255
701871
718256
701872
718258
701874
718259
701875
718261
701877
718262
701878
718264
718265
701881
718267
718268
718270
718271
718273
718274
718276
718277
718279
718280
718283
275915
275916
275918
275919
275921
275922
275924
275925
275927
275928
275930
275931
292317
275933
292318
275934
292320
275936
292321
275937
292323
275939
292324
275940
292326
275942
292327
275943
292329
275945
292330
275946
1127916
292332
275948
1127917
292333
275949
1127919
292335
275951
1127920
292336
275952
1127922
292338
275954
1127923
292339
275955
1127925
292341
275957
1127926
292342
275958
1127928
292344
275960
1127929
292345
275961
1127931
292347
275963
1127932
292348
275964
1144318
1127934
292350
275966
1144319
1127935
292351
275967
1144321
1127937
292353
275969
1144322
1127938
292354
275970
1144324
1127940
292356
275972
1144325
1127941
275973
1144327
1127943
292359
275975
1144328
1127944
275976
1144330
1127946
292362
275978
1144331
1127947
275979
1144333
1127949
292365
275981
1144334
1127950
275982
1144336
1127952
292368
1144337
1127953
275985
1144339
1127955
292371
1144340
1127956
1144342
1127958
292374
1144343
1127959
1144345
1127961
292377
1144346
1127962
1144348
1127964
292380
1144349
1127965
1144351
1127967
292383
1144352
1127968
1144354
1144355
1144357
1144358
1144360
1144361
1144363
1144364
1144366
1144367
1144369
1144370
702011
702012
702014
702015
702017
702018
702020
702021
702023
702024
702026
702027
718413
702029
702030
718416
702032
702033
718419
702035
702036
718422
702038
702039
718425
702041
702042
718428
702044
702045
718431
702047
702048
718434
702050
702051
718437
702053
702054
718440
702056
702057
718443
702059
702060
718446
702062
702063
718449
702065
702066
718452
702068
702069
718455
702072
718458
718461
718464
718467
718470
276106
276107
276109
276110
276112
276113
276115
276116
276118
276119
276121
276122
276124
276125
276127
276128
276130
276131
276133
276134
276136
276137
1128107
276139
1128108
276140
1128110
276142
1128111
276143
1128113
276145
1128114
276146
1128116
276148
1128117
276149
1128119
276151
1128120
276152
1128122
276154
1128123
276155
1144509
1128125
276157
1128126
276158
1144512
1128128
276160
1128129
276161
1144515
1128131
276163
1128132
276164
1144518
1128134
276166
1128135
276167
1144521
1128137
276169
1128138
276170
1144524
1128140
276172
1128141
276173
1144527
1128143
1128144
1144530
1128146
1128147
1144533
1128149
1128150
1144536
1128152
1128153
1144539
1128155
1128156
1144542
1128158
1128159
1144545
1144548
1144551
1144554
1144557
1144560
702202
702203
702205
702206
702208
702209
702211
702212
702214
702215
702217
702218
702220
702221
702223
702224
702226
702227
702229
702230
702232
702233
702235
702236
702238
702239
702241
702242
702244
702245
702247
702248
702250
702251
702253
702254
702256
702257
702259
702260
276297
276298
276300
276301
276303
276304
276306
276307
276309
276310
276312
276313
276315
276316
276318
276319
276321
276322
276324
276325
276327
276328
1128298
276330
1128299
276331
1128301
276333
1128302
276334
1128304
276336
1128305
276337
1128307
276339
1128308
276340
1128310
276342
1128311
276343
1128313
276345
1128314
276346
1128316
276348
1128317
1128319
276351
1128320
1128322
276354
1128323
1128325
276357
1128326
1128328
276360
1128329
1128331
276363
1128332
1128334
1128335
1128337
1128338
1128340
1128341
1128343
1128344
1128346
1128347
1128349
1128350
702393
702394
702396
702397
702399
702400
702402
702403
702405
702406
702408
702409
702411
702412
702414
702415
702417
702418
702420
702421
702423
702424
702426
702427
702429
702432
702435
702438
702441
702444
702447
702450
1128489
1128492
1128495
1128498
1128501
1128504
1128507
1128510
1128513
1128516
1128519
1128522
1128525
1128528
1128531
1128534
1128537
1128540
244209
244213
244216
244219
244222
244225
244228
244231
244234
244237
244240
244243
244246
244249
244252
244255
244258
244261
670305
670309
670312
670315
670318
670321
670324
670327
670330
670333
670336
670339
244400
244401
244403
244404
244406
244407
244409
244410
244412
244413
244415
244416
244418
244419
244421
244422
244424
244425
244427
244428
244430
244431
244433
244434
244436
244437
244439
244440
244442
244443
244445
244446
244448
244449
244451
244452
244454
244455
244457
244458
244460
244461
244463
244464
244466
244467
244469
244470
670496
670497
670499
670500
670502
670503
670505
670506
670508
670509
670511
670512
670514
670515
670517
670518
670520
670521
670523
670524
670526
670527
670529
670530
670532
670533
670535
670536
670538
670539
670541
670542
670544
670545
670547
670548
670550
670551
670553
670554
670556
670557
228190
228193
228196
228199
228202
228205
244591
244592
228208
244594
244595
228211
244597
244598
228214
244600
244601
228217
244603
244604
228220
244606
244607
228223
244609
244610
228226
244612
244613
228229
244615
244616
244618
244619
244621
244622
1096592
244624
1096593
244625
1096595
244627
1096596
244628
1096598
244630
1096599
244631
1096601
244633
1096602
244634
1096604
244636
1096605
244637
1096607
244639
1096608
244640
1096610
244642
1096611
244643
1096613
244645
1096614
244646
1096616
244648
1096617
244649
1096619
244651
1096620
244652
1096622
244654
1096623
244655
1096625
244657
1096626
244658
1096628
244660
1096629
244661
1096631
1096632
1096634
1096635
1096637
1096638
1096640
1096641
1096643
1096644
1096647
670687
670688
670690
670691
670693
670694
670696
670697
670699
670700
670702
670703
670705
670706
670708
670709
670711
670712
670714
670715
670717
670718
670720
670721
670723
670724
670726
670727
670729
670730
670732
670733
670735
670736
670738
670739
670741
670742
670744
670745
670747
670748
228380
228381
228383
228384
228386
228387
228389
228390
228392
228393
228395
228396
244782
228398
244783
228399
244785
228401
244786
228402
244788
228404
244789
228405
244791
228407
244792
228408
244794
228410
244795
228411
244797
228413
244798
228414
244800
228416
244801
228417
244803
228419
244804
228420
244806
228422
244807
228423
244809
228425
244810
228426
244812
228428
244813
228429
1096783
244815
228431
1096784
244816
228432
1096786
244818
228434
1096787
244819
228435
1096789
244821
228437
1096790
244822
228438
1096792
244824
228440
1096793
244825
228441
1096795
244827
228443
1096796
244828
228444
1096798
244830
228446
1096799
244831
228447
1096801
244833
228449
1096802
244834
228450
1096804
244836
1096805
244837
1096807
244839
1096808
244840
1096810
244842
1096811
244843
1096813
244845
1096814
244846
1096816
244848
1096817
244849
1096819
244851
1096820
244852
1096822
1096823
1096825
1096826
1096828
1096829
1096831
1096832
1096834
1096835
1096838
654476
654477
654479
654480
654482
654483
654485
654486
654488
654489
654491
654492
670878
654494
670879
654495
670881
654497
670882
654498
670884
654500
670885
654501
670887
654503
670888
654504
670890
654506
670891
654507
670893
654509
670894
654510
670896
654512
670897
654513
670899
654515
670900
654516
670902
654518
670903
654519
670905
654521
670906
654522
670908
654524
670909
654525
670911
654527
670912
654528
670914
654530
670915
654531
670917
654533
670918
654534
670920
670921
654537
670923
670924
670926
670927
670929
670930
670932
670933
670935
670936
670938
670939
228571
228572
228574
228575
228577
228578
228580
228581
228583
228584
228586
228587
244973
228589
244974
228590
244976
228592
244977
228593
244979
228595
244980
228596
244982
228598
244983
228599
244985
228601
244986
228602
1080572
244988
228604
1080573
244989
228605
1080575
244991
228607
1080576
244992
228608
1080578
244994
228610
1080579
244995
228611
1080581
244997
228613
1080582
244998
228614
1080584
245000
228616
1080585
245001
228617
1080587
245003
228619
1080588
245004
228620
1096974
1080590
245006
228622
1096975
1080591
245007
228623
1096977
1080593
245009
228625
1096978
1080594
245010
228626
1096980
1080596
245012
228628
1096981
1080597
245013
228629
1096983
1080599
245015
228631
1096984
1080600
228632
1096986
1080602
245018
228634
1096987
1080603
228635
1096989
1080605
245021
228637
1096990
1080606
228638
1096992
1080608
245024
1096993
1080609
228641
1096995
1080611
245027
1096996
1080612
1096998
1080614
245030
1096999
1080615
1097001
1080617
245033
1097002
1080618
1097004
1080620
245036
1097005
1080621
1097007
1080623
245039
1097008
1080624
1097010
245042
1097011
1097013
1097014
1097016
1097017
1097019
1097020
1097022
1097023
1097025
1097026
1097029
654667
654668
654670
654671
654673
654674
654676
654677
654679
654680
654682
654683
671069
654685
654686
671072
654688
654689
671075
654691
654692
671078
654694
654695
671081
654697
654698
671084
654700
654701
671087
654703
654704
671090
654706
654707
671093
654709
654710
671096
654712
654713
671099
654715
654716
671102
654718
654719
671105
654721
654722
671108
654724
654725
671111
654728
671114
671117
671120
671123
671126
671129
228762
228763
228765
228766
228768
228769
228771
228772
228774
228775
228777
228778
228780
228781
228783
228784
228786
228787
228789
228790
228792
228793
1080763
228795
1080764
228796
1080766
228798
1080767
228799
1080769
228801
1080770
228802
1080772
228804
1080773
228805
1080775
228807
1080776
228808
1080778
228810
1080779
228811
1097165
1080781
228813
1080782
228814
1097168
1080784
228816
1080785
228817
1097171
1080787
228819
1080788
228820
1097174
1080790
228822
1080791
228823
1097177
1080793
228825
1080794
228826
1097180
1080796
228828
1080797
228829
1097183
1080799
1080800
228832
1097186
1080802
1080803
1097189
1080805
1080806
1097192
1080808
1080809
1097195
1080811
1080812
1097198
1080814
1080815
1097201
1097204
1097207
1097210
1097213
1097216
654858
654859
654861
654862
654864
654865
654867
654868
654870
654871
654873
654874
654876
654877
654879
654880
654882
654883
654885
654886
654888
654889
654891
654892
654894
654895
654897
654898
654900
654901
654903
654904
654906
654907
654909
654910
654912
654913
654915
654916
654919
228953
228954
228956
228957
228959
228960
228962
228963
228965
228966
228968
228969
228971
228972
228974
228975
228977
228978
228980
228981
228983
228984
1080954
228986
1080955
228987
1080957
228989
1080958
228990
1080960
228992
1080961
228993
1080963
228995
1080964
228996
1080966
228998
1080967
228999
1080969
229001
1080970
229002
1080972
229004
1080973
229005
1080975
229007
1080976
1080978
229010
1080979
1080981
229013
1080982
1080984
229016
1080985
1080987
229019
1080988
1080990
1080991
1080993
1080994
1080996
1080997
1080999
1081000
1081002
1081003
1081005
1081006
655049
655050
655052
655053
655055
655056
655058
655059
655061
655062
655064
655065
655067
655068
655070
655071
655073
655074
655076
655077
655079
655080
655082
655083
655085
655086
655088
655091
655094
655097
655100
655103
655106
1081145
1081148
1081151
1081154
1081157
1081160
1081163
1081166
1081169
1081172
1081175
1081178
1081181
1081184
1081187
1081190
1081193
1081196
)


// ************************************************************************* //
