/*--------------------------------*- C++ -*----------------------------------*\
| =========                 |                                                 |
| \\      /  F ield         | OpenFOAM: The Open Source CFD Toolbox           |
|  \\    /   O peration     | Version:                                        |
|   \\  /    A nd           | Website:  www.openfoam.com                      |
|    \\/     M anipulation  |                                                 |
\*---------------------------------------------------------------------------*/
FoamFile
{
    version     2.0;
    format      ascii;
    class       faceSet;
    location    "constant/polyMesh/sets";
    object      nonOrthoFaces;
}
// * * * * * * * * * * * * * * * * * * * * * * * * * * * * * * * * * * * * * //


11158
(
65545
65549
65552
1572883
65555
1572884
1572886
65558
1572887
1572889
65561
1572890
1572892
65564
1572893
1572895
65567
1572896
1572898
65570
1572899
1572901
65573
1572902
1572904
65576
1572905
1572907
65579
1572908
1572910
65582
1572911
1572913
65585
1572914
1572916
65588
1572917
1572919
65591
1572920
1572922
65594
1572923
1572925
1572926
1572928
1572929
1572931
1572932
1572934
1572935
1572937
1572938
1572941
65736
65737
65739
65740
65742
65743
65745
1573074
65746
1573075
65748
1573077
65749
1573078
65751
1573080
65752
1573081
65754
1573083
65755
1573084
65757
1573086
65758
1573087
65760
1573089
65761
1573090
65763
1573092
65764
1573093
65766
1573095
65767
1573096
65769
1573098
65770
1573099
65772
1573101
65773
1573102
65775
1573104
65776
1573105
65778
1573107
65779
1573108
65781
1573110
65782
1573111
65784
1573113
65785
1573114
65787
1573116
65788
1573117
65790
1573119
65791
1573120
65793
1573122
65794
1573123
65796
1573125
65797
1573126
65799
1573128
65800
1573129
65802
65803
1573132
65805
65806
65808
65809
65811
65812
65815
65927
65928
65930
65931
65933
65934
65936
1573265
65937
65939
1573268
65940
65942
1573271
65943
65945
1573274
65946
65948
1573277
65949
65951
1573280
65952
65954
1573283
65955
65957
1573286
65958
65960
1573289
65961
65963
1573292
65964
65966
1573295
65967
65969
1573298
65970
65972
1573301
65973
65975
1573304
65976
65978
1573307
65979
65981
1573310
65982
65984
1573313
65985
65987
1573316
65988
65990
1573319
65991
65993
65994
65996
65997
65999
66000
66002
66003
66006
66118
66119
66121
66122
66124
66125
66127
66128
66130
66131
66133
66134
66136
66137
66139
66140
66142
66143
66145
66146
66148
66149
66151
66152
66154
66155
66157
66158
66160
66161
66163
66164
66166
66167
66169
66170
66172
66173
66175
66176
66178
66179
66181
66182
66184
66185
66187
66188
66190
66191
66193
66194
66197
950972
950973
950975
950976
950978
950979
950981
950982
950984
950985
950987
950988
950990
950991
950993
950994
950996
950997
950999
951000
951002
951003
951005
951006
951008
951009
951011
951012
951014
951015
951017
951018
951020
951021
951023
951024
951026
951027
951029
951030
951032
951033
951036
66309
66312
66315
66318
66321
66324
66327
66330
66333
66336
66339
66342
66345
66348
66351
66354
66357
66360
66363
66366
66369
66372
66375
66378
66381
66384
1704816
1704817
1704819
1704820
1704822
1704823
1704825
1704826
951163
1704828
951164
1704829
951166
1704831
951167
1704832
951169
1704834
951170
1704835
951172
1704837
951173
1704838
951175
1704840
951176
1704841
951178
1704843
951179
1704844
951181
1704846
951182
1704847
951184
1704849
951185
1704850
951187
1704852
951188
1704853
951190
1704855
951191
1704856
951193
1704858
951194
1704859
951196
1704861
951197
1704862
951199
1704864
951200
1704865
951202
1704867
951203
1704868
951205
1704870
951206
1704871
951208
951209
951211
951212
951214
951215
951217
951218
951220
951221
951223
951224
951227
1705007
1705008
1705010
1705011
1705013
1705014
1705016
1705017
951354
1705019
951355
1705020
951357
1705022
951358
1705023
951360
1705025
951361
1705026
951363
1705028
951364
1705029
951366
1705031
951367
1705032
951369
1705034
951370
1705035
951372
1705037
951373
1705038
951375
1705040
951376
1705041
951378
1705043
951379
1705044
951381
1705046
951382
1705047
951384
1705049
951385
1705050
951387
1705052
951388
1705053
951390
1705055
951391
1705056
951393
1705058
951394
1705059
951396
1705061
951397
1705062
951399
951400
1705065
951402
951403
951405
951406
951408
951409
951411
951412
951414
951415
951418
1705198
1705199
1705201
1705202
1705204
1705205
1705207
1705208
951545
1705210
1705211
951548
1705213
1705214
951551
1705216
1705217
951554
1705219
1705220
951557
1705222
1705223
951560
1705225
1705226
951563
1705228
1705229
951566
1705231
1705232
951569
1705234
1705235
951572
1705237
1705238
951575
1705240
1705241
951578
1705243
1705244
951581
1705246
1705247
951584
1705249
1705250
951587
1705252
1705253
951590
1705256
951593
951596
951599
951602
951605
1705389
1705392
1705395
1705398
1705401
1705404
1705407
1705410
1705413
1705416
1705419
1705422
1705425
1705428
1705431
1705434
1705437
1705440
1705443
329252
329253
329255
329256
329258
329259
329261
329262
329264
329265
329267
329268
329270
329271
329273
329274
329276
329277
329279
329280
329282
329283
329285
329286
329288
329289
329291
329292
329294
329295
329297
329298
329300
329301
329303
329304
329306
329307
329309
329310
329312
329313
329315
329316
329318
329319
329321
329322
329325
1083096
1083097
1083099
1083100
1083102
1083103
1083105
1083106
329443
1083108
329444
1083109
329446
1083111
329447
1083112
329449
1083114
329450
1083115
329452
1083117
329453
1083118
329455
1083120
329456
1083121
329458
1083123
329459
1083124
329461
1083126
329462
1083127
329464
1083129
329465
1083130
329467
1083132
329468
1083133
329470
1083135
329471
1083136
329473
1083138
329474
1083139
329476
1083141
329477
1083142
329479
1083144
329480
1083145
329482
1083147
329483
1083148
329485
1083150
329486
1083151
329488
1083153
329489
1083154
329491
1083156
329492
1083157
329494
329495
1083160
329497
329498
329500
329501
329503
329504
329506
329507
329509
329510
329512
329513
329516
1083287
1083288
1083290
1083291
1083293
1083294
1083296
1083297
329634
1083299
329635
1083300
329637
1083302
329638
1083303
329640
1083305
329641
1083306
329643
1083308
329644
1083309
329646
1083311
329647
1083312
329649
1083314
329650
1083315
329652
1083317
329653
1083318
329655
1083320
329656
1083321
329658
1083323
329659
1083324
329661
1083326
329662
1083327
329664
1083329
329665
1083330
329667
1083332
329668
1083333
329670
1083335
329671
1083336
329673
1083338
329674
1083339
329676
1083341
329677
1083342
329679
1083344
329680
1083345
329682
1083347
329683
1083348
329685
329686
1083351
329688
329689
329691
329692
329694
329695
329697
329698
329700
329701
329703
329704
329707
1083478
1083479
1083481
1083482
1083484
1083485
1083487
1083488
329825
1083490
1083491
329828
1083493
1083494
329831
1083496
1083497
329834
1083499
1083500
329837
1083502
1083503
329840
1083505
1083506
329843
1083508
1083509
329846
1083511
1083512
329849
1083514
1083515
329852
1083517
1083518
329855
1083520
1083521
329858
1083523
1083524
329861
1083526
1083527
329864
1083529
1083530
329867
1083532
1083533
329870
1083535
1083536
329873
1083538
1083539
329876
1083542
329879
329882
329885
329888
329891
329894
1968332
1968333
1968335
1968336
1968338
1968339
1968341
1968342
1968344
1968345
1968347
1968348
1968350
1968351
1968353
1968354
1968356
1968357
1968359
1968360
1968362
1968363
1968365
1968366
1968368
1968369
1968371
1968372
1968374
1968375
1968377
1968378
1968380
1968381
1968383
1968384
1083669
1083672
1083675
1083678
1083681
1083684
1083687
1083690
1083693
1083696
1083699
1083702
1083705
1083708
1083711
1083714
1083717
1083720
1083723
1083726
1083729
1968523
1968524
1968526
1968527
1968529
1968530
1968532
1968533
1968535
1968536
1968538
1968539
1968541
1968542
1968544
1968545
1968547
1968548
1968550
1968551
1968553
1968554
1968556
1968557
1968559
1968560
1968562
1968563
1968565
1968566
1968568
1968569
1968571
1968572
1968574
1968575
461376
461377
461379
461380
461382
461383
461385
1968714
461386
1968715
461388
1968717
461389
1968718
461391
1968720
461392
1968721
461394
1968723
461395
1968724
461397
1968726
461398
1968727
461400
1968729
461401
1968730
461403
1968732
461404
1968733
461406
1968735
461407
1968736
461409
1968738
461410
1968739
461412
1968741
461413
1968742
461415
1968744
461416
1968745
461418
1968747
461419
1968748
461421
1968750
461422
1968751
461424
1968753
461425
1968754
461427
1968756
461428
1968757
461430
1968759
461431
1968760
461433
1968762
461434
1968763
461436
1968765
461437
1968766
461439
461440
461442
461443
461445
461446
461449
461567
461568
461570
461571
461573
461574
461576
1968905
461577
461579
1968908
461580
461582
1968911
461583
461585
1968914
461586
461588
1968917
461589
461591
1968920
461592
461594
1968923
461595
461597
1968926
461598
461600
1968929
461601
461603
1968932
461604
461606
1968935
461607
461609
1968938
461610
461612
1968941
461613
461615
1968944
461616
461618
1968947
461619
461621
1968950
461622
461624
1968953
461625
461627
1968956
461628
461630
461631
461633
461634
461636
461637
461640
461758
461759
461761
461762
461764
461765
461767
461768
461770
461771
461773
461774
461776
461777
461779
461780
461782
461783
461785
461786
461788
461789
461791
461792
461794
461795
461797
461798
461800
461801
461803
461804
461806
461807
461809
461810
461812
461813
461815
461816
461818
461819
461821
461822
461824
461825
461827
461828
461831
1346612
1346613
1346615
1346616
1346618
1346619
1346621
1346622
1346624
1346625
1346627
1346628
1346630
1346631
1346633
1346634
1346636
1346637
1346639
1346640
1346642
1346643
1346645
1346646
1346648
1346649
1346651
1346652
1346654
1346655
1346657
1346658
1346660
1346661
1346663
1346664
1346666
1346667
1346669
1346670
461949
461952
461955
461958
461961
461964
461967
461970
461973
461976
461979
461982
461985
461988
461991
461994
461997
462000
462003
462006
462009
462012
462015
462018
1346803
1346804
1346806
1346807
1346809
1346810
1346812
1346813
1346815
1346816
1346818
1346819
1346821
1346822
1346824
1346825
1346827
1346828
1346830
1346831
1346833
1346834
1346836
1346837
1346839
1346840
1346842
1346843
1346845
1346846
1346848
1346849
1346851
1346852
1346854
1346855
1346857
1346858
1346860
1346861
1346994
1346995
1346997
1346998
1347000
1347001
1347003
1347004
1347006
1347007
1347009
1347010
1347012
1347013
1347015
1347016
1347018
1347019
1347021
1347022
1347024
1347025
1347027
1347028
1347030
1347031
1347033
1347034
1347036
1347037
1347039
1347040
1347042
1347043
1347045
1347046
1347048
1347049
1347051
1347052
1347185
1347188
1347191
1347194
1347197
1347200
1347203
1347206
1347209
1347212
1347215
1347218
1347221
1347224
1347227
1347230
1347233
1347236
1347239
1347242
724892
724893
724895
724896
724898
724899
724901
724902
724904
724905
724907
724908
724910
724911
724913
724914
724916
724917
724919
724920
724922
724923
724925
724926
724928
724929
724931
724932
724934
724935
724937
724938
724940
724941
724943
724944
724946
724947
724949
724950
724952
724953
724955
724956
724959
1478736
1478737
1478739
1478740
1478742
1478743
1478745
1478746
725083
1478748
725084
1478749
725086
1478751
725087
1478752
725089
1478754
725090
1478755
725092
1478757
725093
1478758
725095
1478760
725096
1478761
725098
1478763
725099
1478764
725101
1478766
725102
1478767
725104
1478769
725105
1478770
725107
1478772
725108
1478773
725110
1478775
725111
1478776
725113
1478778
725114
1478779
725116
1478781
725117
1478782
725119
1478784
725120
1478785
725122
1478787
725123
1478788
725125
1478790
725126
1478791
725128
1478793
725129
1478794
725131
725132
725134
725135
725137
725138
725140
725141
725143
725144
725146
725147
725150
1478927
1478928
1478930
1478931
1478933
1478934
1478936
1478937
725274
1478939
725275
1478940
725277
1478942
725278
1478943
725280
1478945
725281
1478946
725283
1478948
725284
1478949
725286
1478951
725287
1478952
725289
1478954
725290
1478955
725292
1478957
725293
1478958
725295
1478960
725296
1478961
725298
1478963
725299
1478964
725301
1478966
725302
1478967
725304
1478969
725305
1478970
725307
1478972
725308
1478973
725310
1478975
725311
1478976
725313
1478978
725314
1478979
725316
1478981
725317
1478982
725319
1478984
725320
1478985
725322
725323
725325
725326
725328
725329
725331
725332
725334
725335
725337
725338
725341
1479118
1479119
1479121
1479122
1479124
1479125
1479127
1479128
725465
1479130
1479131
725468
1479133
1479134
725471
1479136
1479137
725474
1479139
1479140
725477
1479142
1479143
725480
1479145
1479146
725483
1479148
1479149
725486
1479151
1479152
725489
1479154
1479155
725492
1479157
1479158
725495
1479160
1479161
725498
1479163
1479164
725501
1479166
1479167
725504
1479169
1479170
725507
1479172
1479173
725510
1479175
1479176
725513
725516
725519
725522
725525
725528
1479309
1479312
1479315
1479318
1479321
1479324
1479327
1479330
1479333
1479336
1479339
1479342
1479345
1479348
1479351
1479354
1479357
1479360
1479363
1479366
103172
103173
103175
103176
103178
103179
103181
103182
103184
103185
103187
103188
103190
103191
103193
103194
103196
103197
103199
103200
103202
103203
103205
103206
103208
103209
103211
103212
103214
103215
103217
103218
103220
103221
103223
103224
103226
103227
103229
103230
103232
103233
103235
103236
103238
103239
103241
103242
103244
103245
103247
103248
857016
857017
857019
857020
857022
857023
857025
857026
103363
857028
103364
857029
103366
857031
103367
857032
103369
857034
103370
857035
103372
857037
103373
857038
103375
857040
103376
857041
103378
857043
103379
857044
103381
857046
103382
857047
103384
857049
103385
857050
103387
857052
103388
857053
103390
857055
103391
857056
103393
857058
103394
857059
103396
857061
103397
857062
103399
857064
103400
857065
103402
857067
103403
857068
103405
857070
103406
857071
103408
857073
103409
857074
103411
857076
103412
857077
103414
857079
103415
857080
103417
103418
857083
103420
103421
103423
103424
103426
103427
103429
103430
103432
103433
103435
103436
103438
103439
857207
857208
857210
857211
857213
857214
857216
857217
103554
857219
103555
857220
103557
857222
103558
857223
103560
857225
103561
857226
103563
857228
103564
857229
103566
857231
103567
857232
103569
857234
103570
857235
103572
857237
103573
857238
103575
857240
103576
857241
103578
857243
103579
857244
103581
857246
103582
857247
103584
857249
103585
857250
103587
857252
103588
857253
103590
857255
103591
857256
103593
857258
103594
857259
103596
857261
103597
857262
103599
857264
103600
857265
103602
857267
103603
857268
103605
857270
103606
857271
103608
103609
857274
103611
103612
103614
103615
103617
103618
103620
103621
103623
103624
103626
103627
103629
103630
857398
857399
857401
857402
857404
857405
857407
857408
103745
857410
103746
857411
103748
857413
103749
857414
103751
857416
103752
857417
103754
857419
103755
857420
103757
857422
103758
857423
103760
857425
103761
857426
103763
857428
103764
857429
103766
857431
103767
857432
103769
857434
103770
857435
103772
857437
103773
857438
103775
857440
103776
857441
103778
857443
103779
857444
103781
857446
103782
857447
103784
857449
103785
857450
103787
857452
103788
857453
103790
857455
103791
857456
103793
857458
103794
857459
103796
857461
857462
103799
857465
103802
103805
103808
103811
103814
103817
103820
1742252
1742253
1742255
1742256
1742258
1742259
1742261
1742262
1742264
1742265
1742267
1742268
1742270
1742271
1742273
1742274
1742276
1742277
1742279
1742280
1742282
1742283
1742285
1742286
1742288
1742289
1742291
1742292
1742294
1742295
1742297
1742298
1742300
1742301
1742303
1742304
1742306
1742307
857589
857592
857595
857598
857601
857604
857607
857610
857613
857616
857619
857622
857625
857628
857631
857634
857637
857640
857643
857646
857649
857652
235112
1742443
235115
1742444
1742446
235118
1742447
1742449
235121
1742450
1742452
235124
1742453
1742455
235127
1742456
1742458
235130
1742459
1742461
235133
1742462
1742464
235136
1742465
1742467
235139
1742468
1742470
235142
1742471
1742473
235145
1742474
1742476
1742477
1742479
1742480
1742482
1742483
1742485
1742486
1742488
1742489
1742491
1742492
1742494
1742495
1742497
1742498
235296
235297
235299
235300
235302
235303
235305
1742634
235306
1742635
235308
1742637
235309
1742638
235311
1742640
235312
1742641
235314
1742643
235315
1742644
235317
1742646
235318
1742647
235320
1742649
235321
1742650
235323
1742652
235324
1742653
235326
1742655
235327
1742656
235329
1742658
235330
1742659
235332
1742661
235333
1742662
235335
1742664
235336
1742665
235338
1742667
235339
1742668
235341
1742670
235342
1742671
235344
1742673
235345
1742674
235347
1742676
235348
1742677
235350
1742679
235351
1742680
235353
1742682
235354
1742683
235356
1742685
235357
1742686
235359
235360
1742689
235362
235363
235365
235366
235368
235369
235372
235487
235488
235490
235491
235493
235494
235496
1742825
235497
235499
1742828
235500
235502
1742831
235503
235505
1742834
235506
235508
1742837
235509
235511
1742840
235512
235514
1742843
235515
235517
1742846
235518
235520
1742849
235521
235523
1742852
235524
235526
1742855
235527
235529
1742858
235530
235532
1742861
235533
235535
1742864
235536
235538
1742867
235539
235541
1742870
235542
235544
1742873
235545
235547
1742876
235548
235550
235551
235553
235554
235556
235557
235559
235560
235563
235678
235679
235681
235682
235684
235685
235687
235688
235690
235691
235693
235694
235696
235697
235699
235700
235702
235703
235705
235706
235708
235709
235711
235712
235714
235715
235717
235718
235720
235721
235723
235724
235726
235727
235729
235730
235732
235733
235735
235736
235738
235739
235741
235742
235744
235745
235747
235748
235750
235751
235754
1120532
1120533
1120535
1120536
1120538
1120539
1120541
1120542
1120544
1120545
1120547
1120548
1120550
1120551
1120553
1120554
1120556
1120557
1120559
1120560
1120562
1120563
1120565
1120566
1120568
1120569
1120571
1120572
1120574
1120575
1120577
1120578
1120580
1120581
1120583
1120584
1120586
1120587
1120589
1120590
1120592
1120593
235869
235872
235875
235878
235881
235884
235887
235890
235893
235896
235899
235902
235905
235908
235911
235914
235917
235920
235923
235926
235929
235932
235935
235938
235941
1874376
1874377
1874379
1874380
1874382
1874383
1874385
1874386
1120723
1874388
1120724
1874389
1120726
1874391
1120727
1874392
1120729
1874394
1120730
1874395
1120732
1874397
1120733
1874398
1120735
1874400
1120736
1874401
1120738
1874403
1120739
1874404
1120741
1874406
1120742
1874407
1120744
1874409
1120745
1874410
1120747
1874412
1120748
1874413
1120750
1874415
1120751
1874416
1120753
1874418
1120754
1874419
1120756
1874421
1120757
1874422
1120759
1874424
1120760
1874425
1120762
1874427
1120763
1874428
1120765
1120766
1874431
1120768
1120769
1120771
1120772
1120774
1120775
1120777
1120778
1120780
1120781
1120783
1120784
1874567
1874568
1874570
1874571
1874573
1874574
1874576
1874577
1120914
1874579
1120915
1874580
1120917
1874582
1120918
1874583
1120920
1874585
1120921
1874586
1120923
1874588
1120924
1874589
1120926
1874591
1120927
1874592
1120929
1874594
1120930
1874595
1120932
1874597
1120933
1874598
1120935
1874600
1120936
1874601
1120938
1874603
1120939
1874604
1120941
1874606
1120942
1874607
1120944
1874609
1120945
1874610
1120947
1874612
1120948
1874613
1120950
1874615
1120951
1874616
1120953
1874618
1120954
1874619
1120956
1120957
1874622
1120959
1120960
1120962
1120963
1120965
1120966
1120968
1120969
1120971
1120972
1120974
1120975
1874758
1874759
1874761
1874762
1874764
1874765
1874767
1874768
1121105
1874770
1874771
1121108
1874773
1874774
1121111
1874776
1874777
1121114
1874779
1874780
1121117
1874782
1874783
1121120
1874785
1874786
1121123
1874788
1874789
1121126
1874791
1874792
1121129
1874794
1874795
1121132
1874797
1874798
1121135
1874800
1874801
1121138
1874803
1874804
1121141
1874806
1874807
1121144
1874809
1874810
1121147
1874813
1121150
1121153
1121156
1121159
1121162
1121165
1874949
1874952
1874955
1874958
1874961
1874964
1874967
1874970
1874973
1874976
1874979
1874982
1874985
1874988
1874991
1874994
1874997
1875000
1875003
498812
498813
498815
498816
498818
498819
498821
498822
498824
498825
498827
498828
498830
498831
498833
498834
498836
498837
498839
498840
498842
498843
498845
498846
498848
498849
498851
498852
498854
498855
498857
498858
498860
498861
498863
498864
498866
498867
498869
498870
498872
498873
498875
498876
498878
498879
498881
498882
1252656
1252657
1252659
1252660
1252662
1252663
1252665
1252666
499003
1252668
499004
1252669
499006
1252671
499007
1252672
499009
1252674
499010
1252675
499012
1252677
499013
1252678
499015
1252680
499016
1252681
499018
1252683
499019
1252684
499021
1252686
499022
1252687
499024
1252689
499025
1252690
499027
1252692
499028
1252693
499030
1252695
499031
1252696
499033
1252698
499034
1252699
499036
1252701
499037
1252702
499039
1252704
499040
1252705
499042
1252707
499043
1252708
499045
1252710
499046
1252711
499048
1252713
499049
1252714
499051
1252716
499052
1252717
499054
499055
499057
499058
499060
499061
499063
499064
499066
499067
499069
499070
499072
499073
1252847
1252848
1252850
1252851
1252853
1252854
1252856
1252857
499194
1252859
499195
1252860
499197
1252862
499198
1252863
499200
1252865
499201
1252866
499203
1252868
499204
1252869
499206
1252871
499207
1252872
499209
1252874
499210
1252875
499212
1252877
499213
1252878
499215
1252880
499216
1252881
499218
1252883
499219
1252884
499221
1252886
499222
1252887
499224
1252889
499225
1252890
499227
1252892
499228
1252893
499230
1252895
499231
1252896
499233
1252898
499234
1252899
499236
1252901
499237
1252902
499239
1252904
499240
1252905
499242
1252907
499243
1252908
499245
499246
499248
499249
499251
499252
499254
499255
499257
499258
499260
499261
499264
1253038
1253039
1253041
1253042
1253044
1253045
1253047
1253048
499385
1253050
1253051
499388
1253053
1253054
499391
1253056
1253057
499394
1253059
1253060
499397
1253062
1253063
499400
1253065
1253066
499403
1253068
1253069
499406
1253071
1253072
499409
1253074
1253075
499412
1253077
1253078
499415
1253080
1253081
499418
1253083
1253084
499421
1253086
1253087
499424
1253089
1253090
499427
1253092
1253093
499430
1253095
1253096
499433
1253098
1253099
499436
499439
499442
499445
499448
499451
1253229
1253232
1253235
1253238
1253241
1253244
1253247
1253250
1253253
1253256
1253259
1253262
1253265
1253268
1253271
1253274
1253277
1253280
1253283
1253286
1253289
630936
630937
630939
630940
630942
630943
630945
630946
630948
630949
630951
630952
630954
630955
630957
630958
630960
630961
630963
630964
630966
630967
630969
630970
630972
630973
630975
630976
630978
630979
630981
630982
630984
630985
630987
630988
630990
630991
630993
630994
630996
630997
630999
631000
631002
631003
631006
631127
631128
631130
631131
631133
631134
631136
631137
631139
631140
631142
631143
631145
631146
631148
631149
631151
631152
631154
631155
631157
631158
631160
631161
631163
631164
631166
631167
631169
631170
631172
631173
631175
631176
631178
631179
631181
631182
631184
631185
631187
631188
631190
631191
631193
631194
631197
631318
631319
631321
631322
631324
631325
631327
631328
631330
631331
631333
631334
631336
631337
631339
631340
631342
631343
631345
631346
631348
631349
631351
631352
631354
631355
631357
631358
631360
631361
631363
631364
631366
631367
631369
631370
631372
631373
631375
631376
631378
631379
631381
631382
631384
631385
631388
1516172
1516173
1516175
1516176
1516178
1516179
1516181
1516182
1516184
1516185
1516187
1516188
1516190
1516191
1516193
1516194
1516196
1516197
1516199
1516200
1516202
1516203
1516205
1516206
1516208
1516209
1516211
1516212
1516214
1516215
1516217
1516218
1516220
1516221
1516223
1516224
1516226
1516227
1516230
631509
631512
631515
631518
631521
631524
631527
631530
631533
631536
631539
631542
631545
631548
631551
631554
631557
631560
631563
631566
631569
631572
631575
9025
9029
9032
1516363
9035
1516364
1516366
9038
1516367
1516369
9041
1516370
1516372
9044
1516373
1516375
9047
1516376
1516378
9050
1516379
1516381
9053
1516382
1516384
9056
1516385
1516387
9059
1516388
1516390
9062
1516391
1516393
9065
1516394
1516396
9068
1516397
1516399
9071
1516400
1516402
9074
1516403
1516405
9077
1516406
1516408
1516409
1516411
1516412
1516414
1516415
1516417
1516418
1516421
9216
9217
9219
9220
9222
9223
9225
1516554
9226
1516555
9228
1516557
9229
1516558
9231
1516560
9232
1516561
9234
1516563
9235
1516564
9237
1516566
9238
1516567
9240
1516569
9241
1516570
9243
1516572
9244
1516573
9246
1516575
9247
1516576
9249
1516578
9250
1516579
9252
1516581
9253
1516582
9255
1516584
9256
1516585
9258
1516587
9259
1516588
9261
1516590
9262
1516591
9264
1516593
9265
1516594
9267
1516596
9268
1516597
9270
1516599
9271
1516600
9273
1516602
9274
1516603
9276
1516605
9277
1516606
9279
1516608
9280
1516609
9282
9283
1516612
9285
9286
9288
9289
9291
9292
9294
9295
9407
9408
9410
9411
9413
9414
9416
1516745
9417
9419
1516748
9420
9422
1516751
9423
9425
1516754
9426
9428
1516757
9429
9431
1516760
9432
9434
1516763
9435
9437
1516766
9438
9440
1516769
9441
9443
1516772
9444
9446
1516775
9447
9449
1516778
9450
9452
1516781
9453
9455
1516784
9456
9458
1516787
9459
9461
1516790
9462
9464
1516793
9465
9467
1516796
9468
9470
1516799
9471
9473
9474
9476
9477
9479
9480
9482
9483
9485
9486
9598
9599
9601
9602
9604
9605
9607
9608
9610
9611
9613
9614
9616
9617
9619
9620
9622
9623
9625
9626
9628
9629
9631
9632
9634
9635
9637
9638
9640
9641
9643
9644
9646
9647
9649
9650
9652
9653
9655
9656
9658
9659
9661
9662
9664
9665
9667
9668
9670
9671
9673
9674
9676
9677
894452
894453
894455
894456
894458
894459
894461
894462
894464
894465
894467
894468
894470
894471
894473
894474
894476
894477
894479
894480
894482
894483
894485
894486
894488
894489
894491
894492
894494
894495
894497
894498
894500
894501
894503
894504
894506
894507
894509
894510
894512
894513
894515
894516
9789
9792
9795
9798
9801
9804
9807
9810
9813
9816
9819
9822
9825
9828
9831
9834
9837
9840
9843
9846
9849
9852
9855
9858
9861
9864
9867
1648296
1648297
1648299
1648300
1648302
1648303
1648305
1648306
894643
1648308
894644
1648309
894646
1648311
894647
1648312
894649
1648314
894650
1648315
894652
1648317
894653
1648318
894655
1648320
894656
1648321
894658
1648323
894659
1648324
894661
1648326
894662
1648327
894664
1648329
894665
1648330
894667
1648332
894668
1648333
894670
1648335
894671
1648336
894673
1648338
894674
1648339
894676
1648341
894677
1648342
894679
1648344
894680
1648345
894682
1648347
894683
1648348
894685
1648350
894686
1648351
894688
894689
1648354
894691
894692
894694
894695
894697
894698
894700
894701
894703
894704
894706
894707
1648487
1648488
1648490
1648491
1648493
1648494
1648496
1648497
894834
1648499
894835
1648500
894837
1648502
894838
1648503
894840
1648505
894841
1648506
894843
1648508
894844
1648509
894846
1648511
894847
1648512
894849
1648514
894850
1648515
894852
1648517
894853
1648518
894855
1648520
894856
1648521
894858
1648523
894859
1648524
894861
1648526
894862
1648527
894864
1648529
894865
1648530
894867
1648532
894868
1648533
894870
1648535
894871
1648536
894873
1648538
894874
1648539
894876
1648541
894877
1648542
894879
894880
1648545
894882
894883
894885
894886
894888
894889
894891
894892
894894
894895
894897
894898
1648678
1648679
1648681
1648682
1648684
1648685
1648687
1648688
895025
1648690
1648691
895028
1648693
1648694
895031
1648696
1648697
895034
1648699
1648700
895037
1648702
1648703
895040
1648705
1648706
895043
1648708
1648709
895046
1648711
1648712
895049
1648714
1648715
895052
1648717
1648718
895055
1648720
1648721
895058
1648723
1648724
895061
1648726
1648727
895064
1648729
1648730
895067
1648732
1648733
895070
1648736
895073
895076
895079
895082
895085
895088
2009236
2009237
2009238
2009239
2009240
2009241
2009242
2009243
2009244
2009245
2009246
2009247
2009248
2009249
2009250
2009251
2009252
2009253
2009254
2009255
2009256
2009257
2009258
2009259
2009260
2009261
2009262
2009263
2009264
2009265
2009266
2009267
2009268
2009269
2009270
2009271
1648869
1648872
1648875
1648878
1648881
1648884
1648887
1648890
1648893
1648896
1648899
1648902
1648905
1648908
1648911
1648914
2009363
2009364
2009365
1648917
2009366
2009367
2009368
1648920
2009369
2009370
2009371
1648923
2009372
2009373
2009374
2009375
2009376
2009377
2009378
2009379
2009380
2009381
2009382
2009383
2009384
2009385
2009386
2009387
2009388
2009389
2009390
2009391
2009392
2009393
2009394
2009395
2009396
2009397
2009398
272732
272733
272735
272736
272738
272739
272741
272742
272744
272745
272747
272748
272750
272751
272753
272754
272756
272757
272759
272760
272762
272763
272765
272766
272768
272769
272771
272772
272774
272775
272777
272778
272780
272781
272783
272784
2009490
272786
2009491
272787
2009492
2009493
272789
2009494
272790
2009495
2009496
272792
2009497
272793
2009498
2009499
272795
2009500
272796
2009501
2009502
272798
2009503
272799
2009504
2009505
272801
2009506
272802
2009507
2009508
272804
2009509
272805
2009510
2009511
2009512
2009513
2009514
2009515
2009516
2009517
2009518
2009519
2009520
2009521
2009522
2009523
2009524
2009525
1026576
2009617
1026577
2009619
1026579
1026580
2009621
1026582
2009623
1026583
2009625
1026585
1026586
2009627
272923
1026588
272924
2009629
1026589
272926
2009631
1026591
272927
1026592
2009633
272929
1026594
272930
2009635
1026595
272932
2009637
1026597
272933
1026598
2009639
272935
1026600
272936
2009641
1026601
272938
2009643
1026603
272939
1026604
2009645
272941
1026606
272942
2009647
1026607
272944
2009649
1026609
272945
1026610
2009651
272947
1026612
272948
1026613
272950
1026615
272951
1026616
272953
1026618
272954
1026619
272956
1026621
272957
1026622
272959
1026624
272960
1026625
272962
1026627
272963
1026628
272965
1026630
272966
1026631
272968
1026633
272969
1026634
272971
1026636
272972
1026637
272974
272975
1026640
272977
272978
272980
272981
272983
272984
272986
272987
272989
272990
272992
272993
272995
272996
1026767
1026768
1026770
1026771
1026773
1026774
1026776
1026777
273114
1026779
273115
1026780
273117
1026782
273118
1026783
273120
1026785
273121
1026786
273123
1026788
273124
1026789
273126
1026791
273127
1026792
273129
1026794
273130
1026795
273132
1026797
273133
1026798
273135
1026800
273136
1026801
273138
1026803
273139
1026804
273141
1026806
273142
1026807
273144
1026809
273145
1026810
273147
1026812
273148
1026813
273150
1026815
273151
1026816
273153
1026818
273154
1026819
273156
1026821
273157
1026822
273159
1026824
273160
1026825
273162
1026827
273163
1026828
273165
273166
1026831
273168
273169
273171
273172
273174
273175
273177
273178
273180
273181
273183
273184
273186
273187
1026958
1026959
1026961
1026962
1026964
1026965
1026967
1026968
273305
1026970
1026971
273308
1026973
1026974
273311
1026976
273312
1026977
273314
1026979
273315
1026980
273317
1026982
273318
1026983
273320
1026985
273321
1026986
273323
1026988
273324
1026989
273326
1026991
273327
1026992
273329
1026994
273330
1026995
273332
1026997
273333
1026998
273335
1027000
273336
1027001
273338
1027003
273339
1027004
273341
1027006
273342
1027007
273344
1027009
1027010
273347
1027012
1027013
273350
1027015
1027016
273353
1027018
1027019
273356
1027021
1027022
273359
273362
273365
273368
273371
273374
273377
1911812
1911813
1911815
1911816
1911818
1911819
1911821
1911822
1911824
1911825
1911827
1911828
1911830
1911831
1911833
1911834
1911836
1911837
1911839
1911840
1911842
1911843
1911845
1911846
1911848
1911849
1911851
1911852
1911854
1911855
1911857
1911858
1911860
1911861
1911863
1911864
1911867
1027149
1027152
1027155
1027158
1027161
1027164
1027167
1027170
1027173
1027176
1027179
1027182
1027185
1027188
1027191
1027194
1027197
1027200
1027203
1027206
1027209
1027212
1912003
1912004
1912006
1912007
1912009
1912010
1912012
1912013
1912015
1912016
1912018
1912019
1912021
1912022
1912024
1912025
1912027
1912028
1912030
1912031
1912033
1912034
1912036
1912037
1912039
1912040
1912042
1912043
1912045
1912046
1912048
1912049
1912051
1912052
1912054
1912055
404856
404857
404859
404860
404862
404863
404865
1912194
404866
1912195
404868
1912197
404869
1912198
404871
1912200
404872
1912201
404874
1912203
404875
1912204
404877
1912206
404878
1912207
404880
1912209
404881
1912210
404883
1912212
404884
1912213
404886
1912215
404887
1912216
404889
1912218
404890
1912219
404892
1912221
404893
1912222
404895
1912224
404896
1912225
404898
1912227
404899
1912228
404901
1912230
404902
1912231
404904
1912233
404905
1912234
404907
1912236
404908
1912237
404910
1912239
404911
1912240
404913
1912242
404914
1912243
404916
1912245
404917
1912246
404919
404920
404922
404923
404925
404926
404929
405047
405048
405050
405051
405053
405054
405056
1912385
405057
405059
1912388
405060
405062
1912391
405063
405065
1912394
405066
405068
1912397
405069
405071
1912400
405072
405074
1912403
405075
405077
1912406
405078
405080
1912409
405081
405083
1912412
405084
405086
1912415
405087
405089
1912418
405090
405092
1912421
405093
405095
1912424
405096
405098
1912427
405099
405101
1912430
405102
405104
1912433
405105
405107
1912436
405108
405110
405111
405113
405114
405116
405117
405120
405238
405239
405241
405242
405244
405245
405247
405248
405250
405251
405253
405254
405256
405257
405259
405260
405262
405263
405265
405266
405268
405269
405271
405272
405274
405275
405277
405278
405280
405281
405283
405284
405286
405287
405289
405290
405292
405293
405295
405296
405298
405299
405301
405302
405304
405305
405307
405308
405311
1290092
1290093
1290095
1290096
1290098
1290099
1290101
1290102
1290104
1290105
1290107
1290108
1290110
1290111
1290113
1290114
1290116
1290117
1290119
1290120
1290122
1290123
1290125
1290126
1290128
1290129
1290131
1290132
1290134
1290135
1290137
1290138
1290140
1290141
1290143
1290144
1290146
1290147
1290149
1290150
1290153
405429
405432
405435
405438
405441
405444
405447
405450
405453
405456
405459
405462
405465
405468
405471
405474
405477
405480
405483
405486
405489
405492
405495
405498
1290283
1290284
1290286
1290287
1290289
1290290
1290292
1290293
1290295
1290296
1290298
1290299
1290301
1290302
1290304
1290305
1290307
1290308
1290310
1290311
1290313
1290314
1290316
1290317
1290319
1290320
1290322
1290323
1290325
1290326
1290328
1290329
1290331
1290332
1290334
1290335
1290337
1290338
1290340
1290341
1290344
1290474
1290475
1290477
1290478
1290480
1290481
1290483
1290484
1290486
1290487
1290489
1290490
1290492
1290493
1290495
1290496
1290498
1290499
1290501
1290502
1290504
1290505
1290507
1290508
1290510
1290511
1290513
1290514
1290516
1290517
1290519
1290520
1290522
1290523
1290525
1290526
1290528
1290529
1290531
1290532
1290535
1290665
1290668
1290671
1290674
1290677
1290680
1290683
1290686
1290689
1290692
1290695
1290698
1290701
1290704
1290707
1290710
1290713
1290716
1290719
1290722
668372
668373
668375
668376
668378
668379
668381
668382
668384
668385
668387
668388
668390
668391
668393
668394
668396
668397
668399
668400
668402
668403
668405
668406
668408
668409
668411
668412
668414
668415
668417
668418
668420
668421
668423
668424
668426
668427
668429
668430
668432
668433
668435
668436
668438
668439
1422216
1422217
1422219
1422220
1422222
1422223
1422225
1422226
668563
1422228
668564
1422229
668566
1422231
668567
1422232
668569
1422234
668570
1422235
668572
1422237
668573
1422238
668575
1422240
668576
1422241
668578
1422243
668579
1422244
668581
1422246
668582
1422247
668584
1422249
668585
1422250
668587
1422252
668588
1422253
668590
1422255
668591
1422256
668593
1422258
668594
1422259
668596
1422261
668597
1422262
668599
1422264
668600
1422265
668602
1422267
668603
1422268
668605
1422270
668606
1422271
668608
1422273
668609
1422274
668611
668612
668614
668615
668617
668618
668620
668621
668623
668624
668626
668627
668629
668630
1422407
1422408
1422410
1422411
1422413
1422414
1422416
1422417
668754
1422419
668755
1422420
668757
1422422
668758
1422423
668760
1422425
668761
1422426
668763
1422428
668764
1422429
668766
1422431
668767
1422432
668769
1422434
668770
1422435
668772
1422437
668773
1422438
668775
1422440
668776
1422441
668778
1422443
668779
1422444
668781
1422446
668782
1422447
668784
1422449
668785
1422450
668787
1422452
668788
1422453
668790
1422455
668791
1422456
668793
1422458
668794
1422459
668796
1422461
668797
1422462
668799
1422464
668800
1422465
668802
668803
668805
668806
668808
668809
668811
668812
668814
668815
668817
668818
668820
668821
1422598
1422599
1422601
1422602
1422604
1422605
1422607
1422608
668945
1422610
1422611
668948
1422613
1422614
668951
1422616
1422617
668954
1422619
1422620
668957
1422622
1422623
668960
1422625
1422626
668963
1422628
1422629
668966
1422631
1422632
668969
1422634
1422635
668972
1422637
1422638
668975
1422640
1422641
668978
1422643
1422644
668981
1422646
1422647
668984
1422649
1422650
668987
1422652
1422653
668990
1422655
1422656
668993
1422659
668996
668999
669002
669005
669008
669011
1422789
1422792
1422795
1422798
1422801
1422804
1422807
1422810
1422813
1422816
1422819
1422822
1422825
1422828
1422831
1422834
1422837
1422840
1422843
1422846
46652
46653
46655
46656
46658
46659
46661
46662
46664
46665
46667
46668
46670
46671
46673
46674
46676
46677
46679
46680
46682
46683
46685
46686
46688
46689
46691
46692
46694
46695
46697
46698
46700
46701
46703
46704
46706
46707
46709
46710
46712
46713
46715
46716
46718
46719
46721
46722
46724
46725
46727
46728
46731
800496
800497
800499
800500
800502
800503
800505
800506
46843
800508
46844
800509
46846
800511
46847
800512
46849
800514
46850
800515
46852
800517
46853
800518
46855
800520
46856
800521
46858
800523
46859
800524
46861
800526
46862
800527
46864
800529
46865
800530
46867
800532
46868
800533
46870
800535
46871
800536
46873
800538
46874
800539
46876
800541
46877
800542
46879
800544
46880
800545
46882
800547
46883
800548
46885
800550
46886
800551
46888
800553
46889
800554
46891
800556
46892
800557
46894
800559
46895
800560
46897
46898
800563
46900
46901
46903
46904
46906
46907
46909
46910
46912
46913
46915
46916
46918
46919
46922
800687
800688
800690
800691
800693
800694
800696
800697
47034
800699
47035
800700
47037
800702
47038
800703
47040
800705
47041
800706
47043
800708
47044
800709
47046
800711
47047
800712
47049
800714
47050
800715
47052
800717
47053
800718
47055
800720
47056
800721
47058
800723
47059
800724
47061
800726
47062
800727
47064
800729
47065
800730
47067
800732
47068
800733
47070
800735
47071
800736
47073
800738
47074
800739
47076
800741
47077
800742
47079
800744
47080
800745
47082
800747
47083
800748
47085
800750
47086
800751
47088
47089
800754
47091
47092
47094
47095
47097
47098
47100
47101
47103
47104
47106
47107
47109
47110
800878
800879
800881
800882
800884
800885
800887
800888
47225
800890
47226
800891
47228
800893
47229
800894
47231
800896
47232
800897
47234
800899
47235
800900
47237
800902
47238
800903
47240
800905
47241
800906
47243
800908
47244
800909
47246
800911
47247
800912
47249
800914
47250
800915
47252
800917
47253
800918
47255
800920
47256
800921
47258
800923
47259
800924
47261
800926
47262
800927
47264
800929
47265
800930
47267
800932
47268
800933
47270
800935
47271
800936
47273
800938
47274
800939
47276
800941
800942
47279
800945
47282
47285
47288
47291
47294
47297
47300
1685732
1685733
1685735
1685736
1685738
1685739
1685741
1685742
1685744
1685745
1685747
1685748
1685750
1685751
1685753
1685754
1685756
1685757
1685759
1685760
1685762
1685763
1685765
1685766
1685768
1685769
1685771
1685772
1685774
1685775
1685777
1685778
1685780
1685781
1685783
1685784
1685786
1685787
801069
801072
801075
801078
801081
801084
801087
801090
801093
801096
801099
801102
801105
801108
801111
801114
801117
801120
801123
801126
801129
801132
801135
178585
178589
178592
1685923
178595
1685924
1685926
178598
1685927
1685929
178601
1685930
1685932
178604
1685933
1685935
178607
1685936
1685938
178610
1685939
1685941
178613
1685942
1685944
178616
1685945
1685947
178619
1685948
1685950
178622
1685951
1685953
178625
1685954
1685956
178628
1685957
1685959
1685960
1685962
1685963
1685965
1685966
1685968
1685969
1685971
1685972
1685974
1685975
1685977
1685978
178776
178777
178779
178780
178782
178783
178785
1686114
178786
1686115
178788
1686117
178789
1686118
178791
1686120
178792
1686121
178794
1686123
178795
1686124
178797
1686126
178798
1686127
178800
1686129
178801
1686130
178803
1686132
178804
1686133
178806
1686135
178807
1686136
178809
1686138
178810
1686139
178812
1686141
178813
1686142
178815
1686144
178816
1686145
178818
1686147
178819
1686148
178821
1686150
178822
1686151
178824
1686153
178825
1686154
178827
1686156
178828
1686157
178830
1686159
178831
1686160
178833
1686162
178834
1686163
178836
1686165
178837
1686166
178839
1686168
178840
1686169
178842
178843
178845
178846
178848
178849
178851
178852
178967
178968
178970
178971
178973
178974
178976
1686305
178977
178979
1686308
178980
178982
1686311
178983
178985
1686314
178986
178988
1686317
178989
178991
1686320
178992
178994
1686323
178995
178997
1686326
178998
179000
1686329
179001
179003
1686332
179004
179006
1686335
179007
179009
1686338
179010
179012
1686341
179013
179015
1686344
179016
179018
1686347
179019
179021
1686350
179022
179024
1686353
179025
179027
1686356
179028
179030
1686359
179031
179033
179034
179036
179037
179039
179040
179042
179043
179158
179159
179161
179162
179164
179165
179167
179168
179170
179171
179173
179174
179176
179177
179179
179180
179182
179183
179185
179186
179188
179189
179191
179192
179194
179195
179197
179198
179200
179201
179203
179204
179206
179207
179209
179210
179212
179213
179215
179216
179218
179219
179221
179222
179224
179225
179227
179228
179230
179231
179233
179234
1064012
1064013
1064015
1064016
1064018
1064019
1064021
1064022
1064024
1064025
1064027
1064028
1064030
1064031
1064033
1064034
1064036
1064037
1064039
1064040
1064042
1064043
1064045
1064046
1064048
1064049
1064051
1064052
1064054
1064055
1064057
1064058
1064060
1064061
1064063
1064064
1064066
1064067
1064069
1064070
1064072
1064073
179349
179352
179355
179358
179361
179364
179367
179370
179373
179376
179379
179382
179385
179388
179391
179394
179397
179400
179403
179406
179409
179412
179415
179418
179421
179424
1817856
1817857
1817859
1817860
1817862
1817863
1817865
1817866
1064203
1817868
1064204
1817869
1064206
1817871
1064207
1817872
1064209
1817874
1064210
1817875
1064212
1817877
1064213
1817878
1064215
1817880
1064216
1817881
1064218
1817883
1064219
1817884
1064221
1817886
1064222
1817887
1064224
1817889
1064225
1817890
1064227
1817892
1064228
1817893
1064230
1817895
1064231
1817896
1064233
1817898
1064234
1817899
1064236
1817901
1064237
1817902
1064239
1817904
1064240
1817905
1064242
1817907
1064243
1817908
1064245
1817910
1064246
1817911
1064248
1064249
1064251
1064252
1064254
1064255
1064257
1064258
1064260
1064261
1064263
1064264
1818047
1818048
1818050
1818051
1818053
1818054
1818056
1818057
1064394
1818059
1064395
1818060
1064397
1818062
1064398
1818063
1064400
1818065
1064401
1818066
1064403
1818068
1064404
1818069
1064406
1818071
1064407
1818072
1064409
1818074
1064410
1818075
1064412
1818077
1064413
1818078
1064415
1818080
1064416
1818081
1064418
1818083
1064419
1818084
1064421
1818086
1064422
1818087
1064424
1818089
1064425
1818090
1064427
1818092
1064428
1818093
1064430
1818095
1064431
1818096
1064433
1818098
1064434
1818099
1064436
1818101
1064437
1818102
1064439
1064440
1064442
1064443
1064445
1064446
1064448
1064449
1064451
1064452
1064454
1064455
1818238
1818239
1818241
1818242
1818244
1818245
1818247
1818248
1064585
1818250
1818251
1064588
1818253
1818254
1064591
1818256
1818257
1064594
1818259
1818260
1064597
1818262
1818263
1064600
1818265
1818266
1064603
1818268
1818269
1064606
1818271
1818272
1064609
1818274
1818275
1064612
1818277
1818278
1064615
1818280
1818281
1064618
1818283
1818284
1064621
1818286
1818287
1064624
1818289
1818290
1064627
1818292
1818293
1064630
1064633
1064636
1064639
1064642
1064645
1818429
1818432
1818435
1818438
1818441
1818444
1818447
1818450
1818453
1818456
1818459
1818462
1818465
1818468
1818471
1818474
1818477
1818480
1818483
442292
442293
442295
442296
442298
442299
442301
442302
442304
442305
442307
442308
442310
442311
442313
442314
442316
442317
442319
442320
442322
442323
442325
442326
442328
442329
442331
442332
442334
442335
442337
442338
442340
442341
442343
442344
442346
442347
442349
442350
442352
442353
442355
442356
442358
442359
442361
442362
1196136
1196137
1196139
1196140
1196142
1196143
1196145
1196146
442483
1196148
442484
1196149
442486
1196151
442487
1196152
442489
1196154
442490
1196155
442492
1196157
442493
1196158
442495
1196160
442496
1196161
442498
1196163
442499
1196164
442501
1196166
442502
1196167
442504
1196169
442505
1196170
442507
1196172
442508
1196173
442510
1196175
442511
1196176
442513
1196178
442514
1196179
442516
1196181
442517
1196182
442519
1196184
442520
1196185
442522
1196187
442523
1196188
442525
1196190
442526
1196191
442528
1196193
442529
1196194
442531
1196196
442532
1196197
442534
442535
442537
442538
442540
442541
442543
442544
442546
442547
442549
442550
442552
442553
1196327
1196328
1196330
1196331
1196333
1196334
1196336
1196337
442674
1196339
442675
1196340
442677
1196342
442678
1196343
442680
1196345
442681
1196346
442683
1196348
442684
1196349
442686
1196351
442687
1196352
442689
1196354
442690
1196355
442692
1196357
442693
1196358
442695
1196360
442696
1196361
442698
1196363
442699
1196364
442701
1196366
442702
1196367
442704
1196369
442705
1196370
442707
1196372
442708
1196373
442710
1196375
442711
1196376
442713
1196378
442714
1196379
442716
1196381
442717
1196382
442719
1196384
442720
1196385
442722
1196387
442723
1196388
442725
442726
442728
442729
442731
442732
442734
442735
442737
442738
442740
442741
442743
442744
1196518
1196519
1196521
1196522
1196524
1196525
1196527
1196528
442865
1196530
1196531
442868
1196533
1196534
442871
1196536
1196537
442874
1196539
1196540
442877
1196542
1196543
442880
1196545
1196546
442883
1196548
1196549
442886
1196551
1196552
442889
1196554
1196555
442892
1196557
1196558
442895
1196560
1196561
442898
1196563
1196564
442901
1196566
1196567
442904
1196569
1196570
442907
1196572
1196573
442910
1196575
1196576
442913
1196578
1196579
442916
442919
442922
442925
442928
442931
442934
1196709
1196712
1196715
1196718
1196721
1196724
1196727
1196730
1196733
1196736
1196739
1196742
1196745
1196748
1196751
1196754
1196757
1196760
1196763
1196766
1196769
574416
574417
574419
574420
574422
574423
574425
574426
574428
574429
574431
574432
574434
574435
574437
574438
574440
574441
574443
574444
574446
574447
574449
574450
574452
574453
574455
574456
574458
574459
574461
574462
574464
574465
574467
574468
574470
574471
574473
574474
574476
574477
574479
574480
574482
574483
574486
574607
574608
574610
574611
574613
574614
574616
574617
574619
574620
574622
574623
574625
574626
574628
574629
574631
574632
574634
574635
574637
574638
574640
574641
574643
574644
574646
574647
574649
574650
574652
574653
574655
574656
574658
574659
574661
574662
574664
574665
574667
574668
574670
574671
574673
574674
574676
574677
574798
574799
574801
574802
574804
574805
574807
574808
574810
574811
574813
574814
574816
574817
574819
574820
574822
574823
574825
574826
574828
574829
574831
574832
574834
574835
574837
574838
574840
574841
574843
574844
574846
574847
574849
574850
574852
574853
574855
574856
574858
574859
574861
574862
574864
574865
574867
574868
1459652
1459653
1459655
1459656
1459658
1459659
1459661
1459662
1459664
1459665
1459667
1459668
1459670
1459671
1459673
1459674
1459676
1459677
1459679
1459680
1459682
1459683
1459685
1459686
1459688
1459689
1459691
1459692
1459694
1459695
1459697
1459698
1459700
1459701
1459703
1459704
1459706
1459707
1459709
1459710
574989
574992
574995
574998
575001
575004
575007
575010
575013
575016
575019
575022
575025
575028
575031
575034
575037
575040
575043
575046
575049
575052
575055
575058
1459843
1459844
1459846
1459847
1459849
1459850
1459852
1459853
1459855
1459856
1459858
1459859
1459861
1459862
1459864
1459865
1459867
1459868
1459870
1459871
1459873
1459874
1459876
1459877
1459879
1459880
1459882
1459883
1459885
1459886
1459888
1459889
1459891
1459892
1459894
1459895
1459897
1459898
1459901
1460034
1460035
1460037
1460038
1460040
1460041
1460043
1460044
1460046
1460047
1460049
1460050
1460052
1460053
1460055
1984344
1460056
1984345
1984346
1460058
1984347
1460059
1984348
1984349
1460061
1984350
1460062
1984351
1984352
1460064
1984353
1460065
1984354
1984355
1460067
1984356
1460068
1984357
1984358
1460070
1984359
1460071
1984360
1984361
1460073
1984362
1460074
1984363
1984364
1460076
1984365
1460077
1984366
1984367
1460079
1984368
1460080
1984369
1984370
1460082
1984371
1460083
1984372
1984373
1460085
1984374
1460086
1984375
1984376
1460088
1984377
1460089
1984378
1984379
1460092
1984381
1984471
1984472
1984473
1984474
1984475
1984476
1984477
1984478
1984479
1984480
1984481
1984482
1984483
1984484
1984485
1984486
1984487
1984488
1984489
1984490
1984491
1984492
1984493
1984494
1984495
1984496
1984497
1984498
1984499
1984500
1984501
1984502
1984503
1984504
1984505
1984506
1984508
1460225
1460228
1460231
1460234
1460237
1460240
1460243
1460246
1460249
1460252
1460255
1460258
1460261
1460264
1460267
1460270
1460273
1460276
1460279
1984598
1984599
1984600
1984601
1984602
1984603
1984604
1984605
1984606
1984607
1984608
1984609
1984610
1984611
1984612
1984613
1984614
1984615
1984616
1984617
1984618
1984619
1984620
1984621
1984622
1984623
1984624
1984625
1984626
1984627
1984628
1984629
1984630
1984631
1984632
1984633
1984635
1984725
1984727
1984729
1984731
1984733
1984735
1984737
1984739
1984741
1984743
1984745
1984747
1984749
1984751
1984753
1984755
1984757
1984759
837932
837933
837935
837936
837938
837939
837941
837942
837944
837945
837947
837948
837950
837951
837953
837954
837956
837957
837959
837960
837962
837963
837965
837966
837968
837969
837971
837972
837974
837975
837977
837978
837980
837981
837983
837984
837986
837987
837989
837990
837992
837993
837995
837996
1591776
1591777
1591779
1591780
1591782
1591783
1591785
1591786
838123
1591788
838124
1591789
838126
1591791
838127
1591792
838129
1591794
838130
1591795
838132
1591797
838133
1591798
838135
1591800
838136
1591801
838138
1591803
838139
1591804
838141
1591806
838142
1591807
838144
1591809
838145
1591810
838147
1591812
838148
1591813
838150
1591815
838151
1591816
838153
1591818
838154
1591819
838156
1591821
838157
1591822
838159
1591824
838160
1591825
838162
1591827
838163
1591828
838165
1591830
838166
1591831
838168
838169
1591834
838171
838172
838174
838175
838177
838178
838180
838181
838183
838184
838186
838187
1591967
1591968
1591970
1591971
1591973
1591974
1591976
1591977
838314
1591979
838315
1591980
838317
1591982
838318
1591983
838320
1591985
838321
1591986
838323
1591988
838324
1591989
838326
1591991
838327
1591992
838329
1591994
838330
1591995
838332
1591997
838333
1591998
838335
1592000
838336
1592001
838338
1592003
838339
1592004
838341
1592006
838342
1592007
838344
1592009
838345
1592010
838347
1592012
838348
1592013
838350
1592015
838351
1592016
838353
1592018
838354
1592019
838356
1592021
838357
1592022
838359
838360
1592025
838362
838363
838365
838366
838368
838369
838371
838372
838374
838375
838377
838378
1592158
1592159
1592161
1592162
1592164
1592165
1592167
1592168
838505
1592170
1592171
838508
1592173
1592174
838511
1592176
1592177
838514
1592179
1592180
838517
1592182
1592183
838520
1592185
1592186
838523
1592188
1592189
838526
1592191
1592192
838529
1592194
1592195
838532
1592197
1592198
838535
1592200
1592201
838538
1592203
1592204
838541
1592206
1592207
838544
1592209
1592210
838547
1592212
1592213
838550
1592216
838553
838556
838559
838562
838565
838568
1592349
1592352
1592355
1592358
1592361
1592364
1592367
1592370
1592373
1592376
1592379
1592382
1592385
1592388
1592391
1592394
1592397
1592400
1592403
216212
216213
216215
216216
216218
216219
216221
216222
216224
216225
216227
216228
216230
216231
216233
216234
216236
216237
216239
216240
216242
216243
216245
216246
216248
216249
216251
216252
216254
216255
216257
216258
216260
216261
216263
216264
216266
216267
216269
216270
216272
216273
216275
216276
216278
216279
216281
216282
216284
216285
216288
970056
970057
970059
970060
970062
970063
970065
970066
216403
970068
216404
970069
216406
970071
216407
970072
216409
970074
216410
970075
216412
970077
216413
970078
216415
970080
216416
970081
216418
970083
216419
970084
216421
970086
216422
970087
216424
970089
216425
970090
216427
970092
216428
970093
216430
970095
216431
970096
216433
970098
216434
970099
216436
970101
216437
970102
216439
970104
216440
970105
216442
970107
216443
970108
216445
970110
216446
970111
216448
970113
216449
970114
216451
970116
216452
970117
216454
970119
216455
970120
216457
216458
216460
216461
216463
216464
216466
216467
216469
216470
216472
216473
216475
216476
216479
970247
970248
970250
970251
970253
970254
970256
970257
216594
970259
216595
970260
216597
970262
216598
970263
216600
970265
216601
970266
216603
970268
216604
970269
216606
970271
216607
970272
216609
970274
216610
970275
216612
970277
216613
970278
216615
970280
216616
970281
216618
970283
216619
970284
216621
970286
216622
970287
216624
970289
216625
970290
216627
970292
216628
970293
216630
970295
216631
970296
216633
970298
216634
970299
216636
970301
216637
970302
216639
970304
216640
970305
216642
970307
216643
970308
216645
970310
216646
970311
216648
216649
216651
216652
216654
216655
216657
216658
216660
216661
216663
216664
216666
216667
970438
970439
970441
970442
970444
970445
970447
970448
216785
970450
216786
970451
216788
970453
216789
970454
216791
970456
216792
970457
216794
970459
216795
970460
216797
970462
216798
970463
216800
970465
216801
970466
216803
970468
216804
970469
216806
970471
216807
970472
216809
970474
216810
970475
216812
970477
216813
970478
216815
970480
216816
970481
216818
970483
216819
970484
216821
970486
216822
970487
216824
970489
216825
970490
216827
970492
970493
216830
970495
970496
216833
970498
970499
216836
970501
970502
216839
216842
216845
216848
216851
216854
216857
1855292
1855293
1855295
1855296
1855298
1855299
1855301
1855302
1855304
1855305
1855307
1855308
1855310
1855311
1855313
1855314
1855316
1855317
1855319
1855320
1855322
1855323
1855325
1855326
1855328
1855329
1855331
1855332
1855334
1855335
1855337
1855338
1855340
1855341
1855343
1855344
1855347
970629
970632
970635
970638
970641
970644
970647
970650
970653
970656
970659
970662
970665
970668
970671
970674
970677
970680
970683
970686
970689
970692
1855483
1855484
1855486
1855487
1855489
1855490
1855492
1855493
1855495
1855496
1855498
1855499
1855501
1855502
1855504
1855505
1855507
1855508
1855510
1855511
1855513
1855514
1855516
1855517
1855519
1855520
1855522
1855523
1855525
1855526
1855528
1855529
1855531
1855532
1855534
1855535
1855538
348336
348337
348339
348340
348342
348343
348345
1855674
348346
1855675
348348
1855677
348349
1855678
348351
1855680
348352
1855681
348354
1855683
348355
1855684
348357
1855686
348358
1855687
348360
1855689
348361
1855690
348363
1855692
348364
1855693
348366
1855695
348367
1855696
348369
1855698
348370
1855699
348372
1855701
348373
1855702
348375
1855704
348376
1855705
348378
1855707
348379
1855708
348381
1855710
348382
1855711
348384
1855713
348385
1855714
348387
1855716
348388
1855717
348390
1855719
348391
1855720
348393
1855722
348394
1855723
348396
1855725
348397
1855726
348399
348400
1855729
348402
348403
348405
348406
348408
348409
348527
348528
348530
348531
348533
348534
348536
1855865
348537
348539
1855868
348540
348542
1855871
348543
348545
1855874
348546
348548
1855877
348549
348551
1855880
348552
348554
1855883
348555
348557
1855886
348558
348560
1855889
348561
348563
1855892
348564
348566
1855895
348567
348569
1855898
348570
348572
1855901
348573
348575
1855904
348576
348578
1855907
348579
348581
1855910
348582
348584
1855913
348585
348587
1855916
348588
348590
348591
348593
348594
348596
348597
348599
348600
348718
348719
348721
348722
348724
348725
348727
348728
348730
348731
348733
348734
348736
348737
348739
348740
348742
348743
348745
348746
348748
348749
348751
348752
348754
348755
348757
348758
348760
348761
348763
348764
348766
348767
348769
348770
348772
348773
348775
348776
348778
348779
348781
348782
348784
348785
348787
348788
348790
348791
1233572
1233573
1233575
1233576
1233578
1233579
1233581
1233582
1233584
1233585
1233587
1233588
1233590
1233591
1233593
1233594
1233596
1233597
1233599
1233600
1233602
1233603
1233605
1233606
1233608
1233609
1233611
1233612
1233614
1233615
1233617
1233618
1233620
1233621
1233623
1233624
1233626
1233627
1233629
1233630
1233633
348909
348912
348915
348918
348921
348924
348927
348930
348933
348936
348939
348942
348945
348948
348951
348954
348957
348960
348963
348966
348969
348972
348975
348978
348981
1233763
1233764
1233766
1233767
1233769
1233770
1233772
1233773
1233775
1233776
1233778
1233779
1233781
1233782
1233784
1233785
1233787
1233788
1233790
1233791
1233793
1233794
1233796
1233797
1233799
1233800
1233802
1233803
1233805
1233806
1233808
1233809
1233811
1233812
1233814
1233815
1233817
1233818
1233820
1233821
1233824
1233954
1233955
1233957
1233958
1233960
1233961
1233963
1233964
1233966
1233967
1233969
1233970
1233972
1233973
1233975
1233976
1233978
1233979
1233981
1233982
1233984
1233985
1233987
1233988
1233990
1233991
1233993
1233994
1233996
1233997
1233999
1234000
1234002
1234003
1234005
1234006
1234008
1234009
1234011
1234012
1234015
1234145
1234148
1234151
1234154
1234157
1234160
1234163
1234166
1234169
1234172
1234175
1234178
1234181
1234184
1234187
1234190
1234193
1234196
1234199
1234202
611852
611853
611855
611856
611858
611859
611861
611862
611864
611865
611867
611868
611870
611871
611873
611874
611876
611877
611879
611880
611882
611883
611885
611886
611888
611889
611891
611892
611894
611895
611897
611898
611900
611901
611903
611904
611906
611907
611909
611910
611912
611913
611915
611916
611918
611919
1365696
1365697
1365699
1365700
1365702
1365703
1365705
1365706
612043
1365708
612044
1365709
612046
1365711
612047
1365712
612049
1365714
612050
1365715
612052
1365717
612053
1365718
612055
1365720
612056
1365721
612058
1365723
612059
1365724
612061
1365726
612062
1365727
612064
1365729
612065
1365730
612067
1365732
612068
1365733
612070
1365735
612071
1365736
612073
1365738
612074
1365739
612076
1365741
612077
1365742
612079
1365744
612080
1365745
612082
1365747
612083
1365748
612085
1365750
612086
1365751
612088
1365753
612089
1365754
612091
612092
1365757
612094
612095
612097
612098
612100
612101
612103
612104
612106
612107
612109
612110
1365887
1365888
1365890
1365891
1365893
1365894
1365896
1365897
612234
1365899
612235
1365900
612237
1365902
612238
1365903
612240
1365905
612241
1365906
612243
1365908
612244
1365909
612246
1365911
612247
1365912
612249
1365914
612250
1365915
612252
1365917
612253
1365918
612255
1365920
612256
1365921
612258
1365923
612259
1365924
612261
1365926
612262
1365927
612264
1365929
612265
1365930
612267
1365932
612268
1365933
612270
1365935
612271
1365936
612273
1365938
612274
1365939
612276
1365941
612277
1365942
612279
1365944
612280
1365945
612282
612283
1365948
612285
612286
612288
612289
612291
612292
612294
612295
612297
612298
612300
612301
1366078
1366079
1366081
1366082
1366084
1366085
1366087
1366088
612425
1366090
1366091
612428
1366093
1366094
612431
1366096
1366097
612434
1366099
1366100
612437
1366102
1366103
612440
1366105
1366106
612443
1366108
1366109
612446
1366111
1366112
612449
1366114
1366115
612452
1366117
1366118
612455
1366120
1366121
612458
1366123
1366124
612461
1366126
1366127
612464
1366129
1366130
612467
1366132
1366133
612470
1366135
1366136
612473
1366139
612476
612479
612482
612485
612488
612491
1366269
1366272
1366275
1366278
1366281
1366284
1366287
1366290
1366293
1366296
1366299
1366302
1366305
1366308
1366311
1366314
1366317
1366320
1366323
1366326
743976
743977
743979
743980
743982
743983
743985
743986
743988
743989
743991
743992
743994
743995
743997
743998
744000
744001
744003
744004
744006
744007
744009
744010
744012
744013
744015
744016
744018
744019
744021
744022
744024
744025
744027
744028
744030
744031
744033
744034
744036
744037
744039
744040
744042
744043
744167
744168
744170
744171
744173
744174
744176
744177
744179
744180
744182
744183
744185
744186
744188
744189
744191
744192
744194
744195
744197
744198
744200
744201
744203
744204
744206
744207
744209
744210
744212
744213
744215
744216
744218
744219
744221
744222
744224
744225
744227
744228
744230
744231
744233
744234
744358
744359
744361
744362
744364
744365
744367
744368
744370
744371
744373
744374
744376
744377
744379
744380
744382
744383
744385
744386
744388
744389
744391
744392
744394
744395
744397
744398
744400
744401
744403
744404
744406
744407
744409
744410
744412
744413
744415
744416
744418
744419
744421
744422
744424
744425
1629212
1629213
1629215
1629216
1629218
1629219
1629221
1629222
1629224
1629225
1629227
1629228
1629230
1629231
1629233
1629234
1629236
1629237
1629239
1629240
1629242
1629243
1629245
1629246
1629248
1629249
1629251
1629252
1629254
1629255
1629257
1629258
1629260
1629261
1629263
1629264
1629266
1629267
744549
744552
744555
744558
744561
744564
744567
744570
744573
744576
744579
744582
744585
744588
744591
744594
744597
744600
744603
744606
744609
744612
744615
122065
122069
122072
1629403
122075
1629404
1629406
122078
1629407
1629409
122081
1629410
1629412
122084
1629413
1629415
122087
1629416
1629418
122090
1629419
1629421
122093
1629422
1629424
122096
1629425
1629427
122099
1629428
1629430
122102
1629431
1629433
122105
1629434
1629436
122108
1629437
1629439
122111
1629440
1629442
1629443
1629445
1629446
1629448
1629449
1629451
1629452
1629454
1629455
1629457
1629458
122256
122257
122259
122260
122262
122263
122265
1629594
122266
1629595
122268
1629597
122269
1629598
122271
1629600
122272
1629601
122274
1629603
122275
1629604
122277
1629606
122278
1629607
122280
1629609
122281
1629610
122283
1629612
122284
1629613
122286
1629615
122287
1629616
122289
1629618
122290
1629619
122292
1629621
122293
1629622
122295
1629624
122296
1629625
122298
1629627
122299
1629628
122301
1629630
122302
1629631
122304
1629633
122305
1629634
122307
1629636
122308
1629637
122310
1629639
122311
1629640
122313
1629642
122314
1629643
122316
1629645
122317
1629646
122319
1629648
122320
1629649
122322
122323
122325
122326
122328
122329
122331
122332
122447
122448
122450
122451
122453
122454
122456
1629785
122457
122459
1629788
122460
122462
1629791
122463
122465
1629794
122466
122468
1629797
122469
122471
1629800
122472
122474
1629803
122475
122477
1629806
122478
122480
1629809
122481
122483
1629812
122484
122486
1629815
122487
122489
1629818
122490
122492
1629821
122493
122495
1629824
122496
122498
1629827
122499
122501
1629830
122502
122504
1629833
122505
122507
1629836
122508
122510
1629839
122511
122513
122514
122516
122517
122519
122520
122522
122523
122638
122639
122641
122642
122644
122645
122647
122648
122650
122651
122653
122654
122656
122657
122659
122660
122662
122663
122665
122666
122668
122669
122671
122672
122674
122675
122677
122678
122680
122681
122683
122684
122686
122687
122689
122690
122692
122693
122695
122696
122698
122699
122701
122702
122704
122705
122707
122708
122710
122711
122713
122714
122717
1007492
1007493
1007495
1007496
1007498
1007499
1007501
1007502
1007504
1007505
1007507
1007508
1007510
1007511
1007513
1007514
1007516
1007517
1007519
1007520
1007522
1007523
1007525
1007526
1007528
1007529
1007531
1007532
1007534
1007535
1007537
1007538
1007540
1007541
1007543
1007544
1007546
1007547
1007549
1007550
1007552
1007553
1007556
122829
122832
122835
122838
122841
122844
122847
122850
122853
122856
122859
122862
122865
122868
122871
122874
122877
122880
122883
122886
122889
122892
122895
122898
122901
122904
1761336
1761337
1761339
1761340
1761342
1761343
1761345
1761346
1007683
1761348
1007684
1761349
1007686
1761351
1007687
1761352
1007689
1761354
1007690
1761355
1007692
1761357
1007693
1761358
1007695
1761360
1007696
1761361
1007698
1761363
1007699
1761364
1007701
1761366
1007702
1761367
1007704
1761369
1007705
1761370
1007707
1761372
1007708
1761373
1007710
1761375
1007711
1761376
1007713
1761378
1007714
1761379
1007716
1761381
1007717
1761382
1007719
1761384
1007720
1761385
1007722
1761387
1007723
1761388
1007725
1761390
1007726
1761391
1007728
1007729
1007731
1007732
1007734
1007735
1007737
1007738
1007740
1007741
1007743
1007744
1007747
1761527
1761528
1761530
1761531
1761533
1761534
1761536
1761537
1007874
1761539
1007875
1761540
1007877
1761542
1007878
1761543
1007880
1761545
1007881
1761546
1007883
1761548
1007884
1761549
1007886
1761551
1007887
1761552
1007889
1761554
1007890
1761555
1007892
1761557
1007893
1761558
1007895
1761560
1007896
1761561
1007898
1761563
1007899
1761564
1007901
1761566
1007902
1761567
1007904
1761569
1007905
1761570
1007907
1761572
1007908
1761573
1007910
1761575
1007911
1761576
1007913
1761578
1007914
1761579
1007916
1761581
1007917
1761582
1007919
1007920
1007922
1007923
1007925
1007926
1007928
1007929
1007931
1007932
1007934
1007935
1007938
1761718
1761719
1761721
1761722
1761724
1761725
1761727
1761728
1008065
1761730
1761731
1008068
1761733
1761734
1008071
1761736
1761737
1008074
1761739
1761740
1008077
1761742
1761743
1008080
1761745
1761746
1008083
1761748
1761749
1008086
1761751
1761752
1008089
1761754
1761755
1008092
1761757
1761758
1008095
1761760
1761761
1008098
1761763
1761764
1008101
1761766
1761767
1008104
1761769
1761770
1008107
1761772
1761773
1008110
1008113
1008116
1008119
1008122
1008125
1761909
1761912
1761915
1761918
1761921
1761924
1761927
1761930
1761933
1761936
1761939
1761942
1761945
1761948
1761951
1761954
1761957
1761960
1761963
385772
385773
385775
385776
385778
385779
385781
385782
385784
385785
385787
385788
385790
385791
385793
385794
385796
385797
385799
385800
385802
385803
385805
385806
385808
385809
385811
385812
385814
385815
385817
385818
385820
385821
385823
385824
385826
385827
385829
385830
385832
385833
385835
385836
385838
385839
385841
385842
385845
1139616
1139617
1139619
1139620
1139622
1139623
1139625
1139626
385963
1139628
385964
1139629
385966
1139631
385967
1139632
385969
1139634
385970
1139635
385972
1139637
385973
1139638
385975
1139640
385976
1139641
385978
1139643
385979
1139644
385981
1139646
385982
1139647
385984
1139649
385985
1139650
385987
1139652
385988
1139653
385990
1139655
385991
1139656
385993
1139658
385994
1139659
385996
1139661
385997
1139662
385999
1139664
386000
1139665
386002
1139667
386003
1139668
386005
1139670
386006
1139671
386008
1139673
386009
1139674
386011
1139676
386012
1139677
386014
386015
1139680
386017
386018
386020
386021
386023
386024
386026
386027
386029
386030
386032
386033
386036
1139807
1139808
1139810
1139811
1139813
1139814
1139816
1139817
386154
1139819
386155
1139820
386157
1139822
386158
1139823
386160
1139825
386161
1139826
386163
1139828
386164
1139829
386166
1139831
386167
1139832
386169
1139834
386170
1139835
386172
1139837
386173
1139838
386175
1139840
386176
1139841
386178
1139843
386179
1139844
386181
1139846
386182
1139847
386184
1139849
386185
1139850
386187
1139852
386188
1139853
386190
1139855
386191
1139856
386193
1139858
386194
1139859
386196
1139861
386197
1139862
386199
1139864
386200
1139865
386202
1139867
386203
1139868
386205
386206
1139871
386208
386209
386211
386212
386214
386215
386217
386218
386220
386221
386223
386224
386227
1139998
1139999
1140001
1140002
1140004
1140005
1140007
1140008
386345
1140010
1140011
386348
1140013
1140014
386351
1140016
1140017
386354
1140019
1140020
386357
1140022
1140023
386360
1140025
1140026
386363
1140028
1140029
386366
1140031
1140032
386369
1140034
1140035
386372
1140037
1140038
386375
1140040
1140041
386378
1140043
1140044
386381
1140046
1140047
386384
1140049
1140050
386387
1140052
1140053
386390
1140055
1140056
386393
1140058
1140059
386396
1140062
386399
386402
386405
386408
386411
386414
1140189
1140192
1140195
1140198
1140201
1140204
1140207
1140210
1140213
1140216
1140219
1140222
1140225
1140228
1140231
1140234
1140237
1140240
1140243
1140246
1140249
517896
517897
517899
517900
517902
517903
517905
517906
517908
517909
517911
517912
517914
517915
517917
517918
517920
517921
517923
517924
517926
517927
517929
517930
517932
517933
517935
517936
517938
517939
517941
517942
517944
517945
517947
517948
517950
517951
517953
517954
517956
517957
517959
517960
517962
517963
517965
517966
518087
518088
518090
518091
518093
518094
518096
518097
518099
518100
518102
518103
518105
518106
518108
518109
518111
518112
518114
518115
518117
518118
518120
518121
518123
518124
518126
518127
518129
518130
518132
518133
518135
518136
518138
518139
518141
518142
518144
518145
518147
518148
518150
518151
518153
518154
518156
518157
518278
518279
518281
518282
518284
518285
518287
518288
518290
518291
518293
518294
518296
518297
518299
518300
518302
518303
518305
518306
518308
518309
518311
518312
518314
518315
518317
518318
518320
518321
518323
518324
518326
518327
518329
518330
518332
518333
518335
518336
518338
518339
518341
518342
518344
518345
518347
518348
1403132
1403133
1403135
1403136
1403138
1403139
1403141
1403142
1403144
1403145
1403147
1403148
1403150
1403151
1403153
1403154
1403156
1403157
1403159
1403160
1403162
1403163
1403165
1403166
1403168
1403169
1403171
1403172
1403174
1403175
1403177
1403178
1403180
1403181
1403183
1403184
1403186
1403187
1403189
1403190
518469
518472
518475
518478
518481
518484
518487
518490
518493
518496
518499
518502
518505
518508
518511
518514
518517
518520
518523
518526
518529
518532
518535
518538
1403323
1403324
1403326
1403327
1403329
1403330
1403332
1403333
1403335
1403336
1403338
1403339
1403341
1403342
1403344
1403345
1403347
1403348
1403350
1403351
1403353
1403354
1403356
1403357
1403359
1403360
1403362
1403363
1403365
1403366
1403368
1403369
1403371
1403372
1403374
1403375
1403377
1403378
1403380
1403381
1403514
1403515
1403517
1403518
1403520
1403521
1403523
1403524
1403526
1403527
1403529
1403530
1403532
1403533
1403535
1403536
1403538
1403539
1403541
1403542
1403544
1403545
1403547
1403548
1403550
1403551
1403553
1403554
1403556
1403557
1403559
1403560
1403562
1403563
1403565
1403566
1403568
1403569
1403571
1403572
1403705
1403708
1403711
1403714
1403717
1403720
1403723
1403726
1403729
1403732
1403735
1403738
1403741
1403744
1403747
1403750
1403753
1403756
1403759
1403762
781412
781413
781415
781416
781418
781419
781421
781422
781424
781425
781427
781428
781430
781431
781433
781434
781436
781437
781439
781440
781442
781443
781445
781446
781448
781449
781451
781452
781454
781455
781457
781458
781460
781461
781463
781464
781466
781467
781469
781470
781472
781473
781475
781476
781479
1535256
1535257
1535259
1535260
1535262
1535263
1535265
1535266
781603
1535268
781604
1535269
781606
1535271
781607
1535272
781609
1535274
781610
1535275
781612
1535277
781613
1535278
781615
1535280
781616
1535281
781618
1535283
781619
1535284
781621
1535286
781622
1535287
781624
1535289
781625
1535290
781627
1535292
781628
1535293
781630
1535295
781631
1535296
781633
1535298
781634
1535299
781636
1535301
781637
1535302
781639
1535304
781640
1535305
781642
1535307
781643
1535308
781645
1535310
781646
1535311
781648
1535313
781649
1535314
781651
781652
781654
781655
781657
781658
781660
781661
781663
781664
781666
781667
781670
1535447
1535448
1535450
1535451
1535453
1535454
1535456
1535457
781794
1535459
781795
1535460
781797
1535462
781798
1535463
781800
1535465
781801
1535466
781803
1535468
781804
1535469
781806
1535471
781807
1535472
781809
1535474
781810
1535475
781812
1535477
781813
1535478
781815
1535480
781816
1535481
781818
1535483
781819
1535484
781821
1535486
781822
1535487
781824
1535489
781825
1535490
781827
1535492
781828
1535493
781830
1535495
781831
1535496
781833
1535498
781834
1535499
781836
1535501
781837
1535502
781839
1535504
781840
1535505
781842
781843
781845
781846
781848
781849
781851
781852
781854
781855
781857
781858
781861
1535638
1535639
1535641
1535642
1535644
1535645
1535647
1535648
781985
1535650
1535651
781988
1535653
1535654
781991
1535656
1535657
781994
1535659
1535660
781997
1535662
1535663
782000
1535665
1535666
782003
1535668
1535669
782006
1535671
1535672
782009
1535674
1535675
782012
1535677
1535678
782015
1535680
1535681
782018
1535683
1535684
782021
1535686
1535687
782024
1535689
1535690
782027
1535692
1535693
782030
1535695
1535696
782033
782036
782039
782042
782045
782048
1535829
1535832
1535835
1535838
1535841
1535844
1535847
1535850
1535853
1535856
1535859
1535862
1535865
1535868
1535871
1535874
1535877
1535880
1535883
1535886
159692
159693
159695
159696
159698
159699
159701
159702
159704
159705
159707
159708
159710
159711
159713
159714
159716
159717
159719
159720
159722
159723
159725
159726
159728
159729
159731
159732
159734
159735
159737
159738
159740
159741
159743
159744
159746
159747
159749
159750
159752
159753
159755
159756
159758
159759
159761
159762
159764
159765
159768
913536
913537
913539
913540
913542
913543
913545
913546
159883
913548
159884
913549
159886
913551
159887
913552
159889
913554
159890
913555
159892
913557
159893
913558
159895
913560
159896
913561
159898
913563
159899
913564
159901
913566
159902
913567
159904
913569
159905
913570
159907
913572
159908
913573
159910
913575
159911
913576
159913
913578
159914
913579
159916
913581
159917
913582
159919
913584
159920
913585
159922
913587
159923
913588
159925
913590
159926
913591
159928
913593
159929
913594
159931
913596
159932
913597
159934
913599
159935
913600
159937
159938
159940
159941
159943
159944
159946
159947
159949
159950
159952
159953
159955
159956
159959
913727
913728
913730
913731
913733
913734
913736
913737
160074
913739
160075
913740
160077
913742
160078
913743
160080
913745
160081
913746
160083
913748
160084
913749
160086
913751
160087
913752
160089
913754
160090
913755
160092
913757
160093
913758
160095
913760
160096
913761
160098
913763
160099
913764
160101
913766
160102
913767
160104
913769
160105
913770
160107
913772
160108
913773
160110
913775
160111
913776
160113
913778
160114
913779
160116
913781
160117
913782
160119
913784
160120
913785
160122
913787
160123
913788
160125
913790
160126
913791
160128
160129
160131
160132
160134
160135
160137
160138
160140
160141
160143
160144
160146
160147
160150
913918
913919
913921
913922
913924
913925
913927
913928
160265
913930
160266
913931
160268
913933
160269
913934
160271
913936
160272
913937
160274
913939
160275
913940
160277
913942
160278
913943
160280
913945
160281
913946
160283
913948
160284
913949
160286
913951
160287
913952
160289
913954
160290
913955
160292
913957
160293
913958
160295
913960
160296
913961
160298
913963
160299
913964
160301
913966
160302
913967
160304
913969
160305
913970
160307
913972
160308
913973
160310
913975
160311
913976
160313
913978
913979
160316
913981
913982
160319
913985
160322
160325
160328
160331
160334
160337
1798772
1798773
1798775
1798776
1798778
1798779
1798781
1798782
1798784
1798785
1798787
1798788
1798790
1798791
1798793
1798794
1798796
1798797
1798799
1798800
1798802
1798803
1798805
1798806
1798808
1798809
1798811
1798812
1798814
1798815
1798817
1798818
1798820
1798821
1798823
1798824
1798827
914109
914112
914115
914118
914121
914124
914127
914130
914133
914136
914139
914142
914145
914148
914151
914154
914157
914160
914163
914166
914169
914172
1798963
1798964
1798966
1798967
1798969
1798970
1798972
291644
1798973
1798975
291647
1798976
1798978
291650
1798979
1798981
291653
1798982
1798984
291656
1798985
1798987
291659
1798988
1798990
1798991
1798993
1798994
1798996
1798997
1798999
1799000
1799002
1799003
1799005
1799006
1799008
1799009
1799011
1799012
1799014
1799015
1799018
291816
291817
291819
291820
291822
291823
291825
1799154
291826
1799155
291828
1799157
291829
1799158
291831
1799160
291832
1799161
291834
1799163
291835
1799164
291837
1799166
291838
1799167
291840
1799169
291841
1799170
291843
1799172
291844
1799173
291846
1799175
291847
1799176
291849
1799178
291850
1799179
291852
1799181
291853
1799182
291855
1799184
291856
1799185
291858
1799187
291859
1799188
291861
1799190
291862
1799191
291864
1799193
291865
1799194
291867
1799196
291868
1799197
291870
1799199
291871
1799200
291873
1799202
291874
1799203
291876
1799205
291877
1799206
291879
291880
1799209
291882
291883
291885
291886
291888
291889
292007
292008
292010
292011
292013
292014
292016
1799345
292017
292019
1799348
292020
292022
1799351
292023
292025
1799354
292026
292028
1799357
292029
292031
1799360
292032
292034
1799363
292035
292037
1799366
292038
292040
1799369
292041
292043
1799372
292044
292046
1799375
292047
292049
1799378
292050
292052
1799381
292053
292055
1799384
292056
292058
1799387
292059
292061
1799390
292062
292064
1799393
292065
292067
1799396
292068
292070
292071
292073
292074
292076
292077
292079
292080
292083
292198
292199
292201
292202
292204
292205
292207
292208
292210
292211
292213
292214
292216
292217
292219
292220
292222
292223
292225
292226
292228
292229
292231
292232
292234
292235
292237
292238
292240
292241
292243
292244
292246
292247
292249
292250
292252
292253
292255
292256
292258
292259
292261
292262
292264
292265
292267
292268
292270
292271
292274
1177052
1177053
1177055
1177056
1177058
1177059
1177061
1177062
1177064
1177065
1177067
1177068
1177070
1177071
1177073
1177074
1177076
1177077
1177079
1177080
1177082
1177083
1177085
1177086
1177088
1177089
1177091
1177092
1177094
1177095
1177097
1177098
1177100
1177101
1177103
1177104
1177106
1177107
1177109
1177110
1177112
1177113
292389
292392
292395
292398
292401
292404
292407
292410
292413
292416
292419
292422
292425
292428
292431
292434
292437
292440
292443
292446
292449
292452
292455
292458
292461
1930896
1930897
1930899
1930900
1930902
1930903
1930905
1930906
1177243
1930908
1177244
1930909
1177246
1930911
1177247
1930912
1177249
1930914
1177250
1930915
1177252
1930917
1177253
1930918
1177255
1930920
1177256
1930921
1177258
1930923
1177259
1930924
1177261
1930926
1177262
1930927
1177264
1930929
1177265
1930930
1177267
1930932
1177268
1930933
1177270
1930935
1177271
1930936
1177273
1930938
1177274
1930939
1177276
1930941
1177277
1930942
1177279
1930944
1177280
1930945
1177282
1930947
1177283
1930948
1177285
1177286
1930951
1177288
1177289
1177291
1177292
1177294
1177295
1177297
1177298
1177300
1177301
1177303
1177304
1931087
1931088
1931090
1931091
1931093
1931094
1931096
1931097
1177434
1931099
1177435
1931100
1177437
1931102
1177438
1931103
1177440
1931105
1177441
1931106
1177443
1931108
1177444
1931109
1177446
1931111
1177447
1931112
1177449
1931114
1177450
1931115
1177452
1931117
1177453
1931118
1177455
1931120
1177456
1931121
1177458
1931123
1177459
1931124
1177461
1931126
1177462
1931127
1177464
1931129
1177465
1931130
1177467
1931132
1177468
1931133
1177470
1931135
1177471
1931136
1177473
1931138
1177474
1931139
1177476
1177477
1931142
1177479
1177480
1177482
1177483
1177485
1177486
1177488
1177489
1177491
1177492
1177495
1931278
1931279
1931281
1931282
1931284
1931285
1931287
1931288
1177625
1931290
1931291
1177628
1931293
1931294
1177631
1931296
1931297
1177634
1931299
1931300
1177637
1931302
1931303
1177640
1931305
1931306
1177643
1931308
1931309
1177646
1931311
1931312
1177649
1931314
1931315
1177652
1931317
1931318
1177655
1931320
1931321
1177658
1931323
1931324
1177661
1931326
1931327
1177664
1931329
1931330
1177667
1931333
1177670
1177673
1177676
1177679
1177682
1931469
1931472
1931475
1931478
1931481
1931484
1931487
1931490
1931493
1931496
1931499
1931502
1931505
1931508
1931511
1931514
1931517
1931520
555332
555333
555335
555336
555338
555339
555341
555342
555344
555345
555347
555348
555350
555351
555353
555354
555356
555357
555359
555360
555362
555363
555365
555366
555368
555369
555371
555372
555374
555375
555377
555378
555380
555381
555383
555384
555386
555387
555389
555390
555392
555393
555395
555396
555398
555399
555402
1309176
1309177
1309179
1309180
1309182
1309183
1309185
1309186
555523
1309188
555524
1309189
555526
1309191
555527
1309192
555529
1309194
555530
1309195
555532
1309197
555533
1309198
555535
1309200
555536
1309201
555538
1309203
555539
1309204
555541
1309206
555542
1309207
555544
1309209
555545
1309210
555547
1309212
555548
1309213
555550
1309215
555551
1309216
555553
1309218
555554
1309219
555556
1309221
555557
1309222
555559
1309224
555560
1309225
555562
1309227
555563
1309228
555565
1309230
555566
1309231
555568
1309233
555569
1309234
555571
555572
1309237
555574
555575
555577
555578
555580
555581
555583
555584
555586
555587
555589
555590
555593
1309367
1309368
1309370
1309371
1309373
1309374
1309376
1309377
555714
1309379
555715
1309380
555717
1309382
555718
1309383
555720
1309385
555721
1309386
555723
1309388
555724
1309389
555726
1309391
555727
1309392
555729
1309394
555730
1309395
555732
1309397
555733
1309398
555735
1309400
555736
1309401
555738
1309403
555739
1309404
555741
1309406
555742
1309407
555744
1309409
555745
1309410
555747
1309412
555748
1309413
555750
1309415
555751
1309416
555753
1309418
555754
1309419
555756
1309421
555757
1309422
555759
1309424
555760
1309425
555762
555763
1309428
555765
555766
555768
555769
555771
555772
555774
555775
555777
555778
555780
555781
555784
1309558
1309559
1309561
1309562
1309564
1309565
1309567
1309568
555905
1309570
1309571
555908
1309573
1309574
555911
1309576
1309577
555914
1309579
1309580
555917
1309582
1309583
555920
1309585
1309586
555923
1309588
1309589
555926
1309591
1309592
555929
1309594
1309595
555932
1309597
1309598
555935
1309600
1309601
555938
1309603
1309604
555941
1309606
1309607
555944
1309609
1309610
555947
1309612
1309613
555950
1309615
1309616
555953
1309619
555956
555959
555962
555965
555968
555971
1309749
1309752
1309755
1309758
1309761
1309764
1309767
1309770
1309773
1309776
1309779
1309782
1309785
1309788
1309791
1309794
1309797
1309800
1309803
1309806
687456
687457
687459
687460
687462
687463
687465
687466
687468
687469
687471
687472
687474
687475
687477
687478
687480
687481
687483
687484
687486
687487
687489
687490
687492
687493
687495
687496
687498
687499
687501
687502
687504
687505
687507
687508
687510
687511
687513
687514
687516
687517
687519
687520
687522
687523
687647
687648
687650
687651
687653
687654
687656
687657
687659
687660
687662
687663
687665
687666
687668
687669
687671
687672
687674
687675
687677
687678
687680
687681
687683
687684
687686
687687
687689
687690
687692
687693
687695
687696
687698
687699
687701
687702
687704
687705
687707
687708
687710
687711
687713
687714
687838
687839
687841
687842
687844
687845
687847
687848
687850
687851
687853
687854
687856
687857
687859
687860
687862
687863
687865
687866
687868
687869
687871
687872
687874
687875
687877
687878
687880
687881
687883
687884
687886
687887
687889
687890
687892
687893
687895
687896
687898
687899
687901
687902
687904
687905
687908
1572692
1572693
1572695
1572696
1572698
1572699
1572701
1572702
1572704
1572705
1572707
1572708
1572710
1572711
1572713
1572714
1572716
1572717
1572719
1572720
1572722
1572723
1572725
1572726
1572728
1572729
1572731
1572732
1572734
1572735
1572737
1572738
1572740
1572741
1572743
1572744
1572746
1572747
1572750
688029
688032
688035
688038
688041
688044
688047
688050
688053
688056
688059
688062
688065
688068
688071
688074
688077
688080
688083
688086
688089
688092
688095
)


// ************************************************************************* //
