/*--------------------------------*- C++ -*----------------------------------*\
| =========                 |                                                 |
| \\      /  F ield         | OpenFOAM: The Open Source CFD Toolbox           |
|  \\    /   O peration     | Version:                                        |
|   \\  /    A nd           | Website:  www.openfoam.com                      |
|    \\/     M anipulation  |                                                 |
\*---------------------------------------------------------------------------*/
FoamFile
{
    version     2.0;
    format      ascii;
    class       cellSet;
    location    "constant/polyMesh/sets";
    object      highAspectRatioCells;
}
// * * * * * * * * * * * * * * * * * * * * * * * * * * * * * * * * * * * * * //


4628
(
663552
606208
548864
360448
303104
245760
57344
0
606209
548865
360449
303105
245761
57345
1
606210
548866
303106
245762
57346
2
606211
303107
245763
3
606212
303108
4
606213
303109
5
606214
303110
6
606215
303111
7
606216
303112
8
606217
303113
9
606272
548928
303168
245824
57408
64
606273
548929
303169
245825
65
606274
548930
303170
245826
66
606275
548931
303171
245827
67
606276
548932
303172
245828
68
606277
303173
245829
69
606278
303174
70
71
606336
548992
303232
245888
128
606337
548993
303233
245889
129
606338
548994
303234
245890
130
606339
548995
303235
245891
131
606340
548996
303236
245892
132
606341
548997
303237
245893
133
606342
548998
303238
245894
134
606343
303239
135
606344
303240
136
137
606400
549056
303296
245952
192
606401
549057
303297
245953
193
606402
549058
303298
245954
194
606403
549059
303299
245955
195
606404
549060
303300
245956
196
606405
549061
303301
245957
197
606406
549062
303302
245958
198
606407
549063
303303
245959
199
606408
549064
303304
245960
200
606409
303305
201
202
606464
549120
303360
246016
256
606465
549121
303361
246017
257
606466
549122
303362
246018
258
606467
549123
303363
246019
259
606468
549124
303364
246020
260
606469
549125
303365
246021
261
606470
549126
303366
246022
262
606471
549127
303367
246023
263
606472
549128
303368
246024
264
549129
246025
606528
549184
303424
246080
320
606529
549185
303425
246081
321
606530
549186
303426
246082
322
606531
549187
303427
246083
323
606532
549188
303428
246084
324
606533
549189
303429
246085
325
606534
549190
303430
246086
326
549191
246087
549192
246088
246089
606592
549248
303488
246144
188800
384
606593
549249
303489
246145
385
606594
549250
303490
246146
386
606595
549251
303491
246147
387
606596
549252
303492
246148
388
549253
246149
389
549254
246150
606656
549312
491968
303552
246208
188864
448
606657
549313
491969
303553
246209
188865
449
606658
549314
303554
246210
450
549315
303555
246211
451
549316
246212
549317
246213
549318
246214
549319
246215
549320
246216
549321
246217
606720
549376
492032
303616
246272
188928
512
606721
549377
492033
303617
246273
188929
513
549378
492034
246274
188930
514
549379
246275
188931
549380
246276
549381
246277
549382
246278
549383
246279
549384
246280
549385
246281
549440
492096
246336
188992
576
549441
492097
246337
188993
549442
492098
246338
188994
549443
492099
246339
188995
549444
492100
246340
188996
549445
246341
188997
549446
246342
549504
492160
246400
189056
549505
492161
246401
189057
549506
492162
246402
189058
549507
492163
246403
189059
549508
492164
246404
189060
549509
492165
246405
189061
549510
492166
246406
189062
549511
246407
549512
246408
246409
549568
492224
246464
189120
549569
492225
246465
189121
549570
492226
246466
189122
549571
492227
246467
189123
549572
492228
246468
189124
549573
492229
246469
189125
549574
492230
246470
189126
549575
492231
246471
189127
549576
492232
246472
189128
549577
246473
549632
492288
246528
189184
549633
492289
246529
189185
549634
492290
246530
189186
549635
492291
246531
189187
549636
492292
246532
189188
549637
492293
246533
189189
549638
492294
246534
189190
549639
492295
246535
189191
549640
492296
246536
189192
492297
189193
549696
492352
246592
189248
549697
492353
246593
189249
549698
492354
246594
189250
549699
492355
246595
189251
549700
492356
246596
189252
549701
492357
246597
189253
549702
492358
246598
189254
492359
189255
492360
189256
189257
549760
492416
246656
189312
131968
549761
492417
246657
189313
549762
492418
246658
189314
549763
492419
246659
189315
549764
492420
246660
189316
492421
189317
492422
189318
549824
492480
435136
246720
189376
132032
549825
492481
435137
246721
189377
132033
549826
492482
246722
189378
492483
246723
189379
492484
189380
492485
189381
492486
189382
492487
189383
492488
189384
492489
189385
549888
492544
435200
246784
189440
132096
549889
492545
435201
246785
189441
132097
492546
435202
189442
132098
492547
435203
189443
132099
492548
189444
492549
189445
492550
189446
492551
189447
492552
189448
492553
189449
492608
435264
189504
132160
492609
435265
189505
132161
492610
435266
189506
132162
492611
435267
189507
132163
492612
435268
189508
132164
492613
189509
132165
492614
189510
492672
435328
189568
132224
492673
435329
189569
132225
492674
435330
189570
132226
492675
435331
189571
132227
492676
435332
189572
132228
492677
435333
189573
132229
492678
435334
189574
132230
492679
189575
492680
189576
189577
492736
435392
189632
132288
492737
435393
189633
132289
492738
435394
189634
132290
492739
435395
189635
132291
492740
435396
189636
132292
492741
435397
189637
132293
492742
435398
189638
132294
492743
435399
189639
132295
492744
435400
189640
132296
492745
189641
492800
435456
189696
132352
492801
435457
189697
132353
492802
435458
189698
132354
492803
435459
189699
132355
492804
435460
189700
132356
492805
435461
189701
132357
492806
435462
189702
132358
492807
435463
189703
132359
492808
435464
189704
132360
435465
132361
492864
435520
189760
132416
492865
435521
189761
132417
492866
435522
189762
132418
492867
435523
189763
132419
492868
435524
189764
132420
492869
435525
189765
132421
492870
435526
189766
132422
435527
132423
435528
132424
132425
492928
435584
189824
132480
75136
492929
435585
189825
132481
492930
435586
189826
132482
492931
435587
189827
132483
492932
435588
189828
132484
435589
189829
132485
435590
132486
132487
681408
492992
435648
378304
189888
132544
75200
492993
435649
378305
189889
132545
75201
492994
435650
189890
132546
75202
435651
189891
132547
435652
132548
435653
132549
435654
132550
435655
132551
435656
132552
435657
132553
681472
493056
435712
378368
189952
132608
75264
681473
493057
435713
378369
189953
132609
75265
681474
435714
378370
132610
75266
435715
378371
132611
75267
435716
132612
435717
132613
435718
132614
435719
132615
435720
132616
435721
132617
681536
435776
378432
190016
132672
75328
681537
435777
378433
132673
75329
681538
435778
378434
132674
75330
681539
435779
378435
132675
75331
681540
435780
378436
132676
75332
435781
132677
75333
435782
132678
132679
681600
435840
378496
132736
75392
681601
435841
378497
132737
75393
681602
435842
378498
132738
75394
681603
435843
378499
132739
75395
681604
435844
378500
132740
75396
681605
435845
378501
132741
75397
681606
435846
378502
132742
75398
435847
132743
435848
132744
132745
681664
435904
378560
132800
75456
681665
435905
378561
132801
75457
681666
435906
378562
132802
75458
681667
435907
378563
132803
75459
681668
435908
378564
132804
75460
681669
435909
378565
132805
75461
681670
435910
378566
132806
75462
681671
435911
378567
132807
75463
681672
435912
378568
132808
75464
435913
132809
681728
435968
378624
132864
75520
681729
435969
378625
132865
75521
681730
435970
378626
132866
75522
681731
435971
378627
132867
75523
681732
435972
378628
132868
75524
681733
435973
378629
132869
75525
681734
435974
378630
132870
75526
681735
435975
378631
132871
75527
681736
435976
378632
132872
75528
681737
378633
75529
75530
681792
436032
378688
132928
75584
681793
436033
378689
132929
75585
681794
436034
378690
132930
75586
681795
436035
378691
132931
75587
681796
436036
378692
132932
75588
681797
436037
378693
132933
75589
681798
436038
378694
132934
75590
681799
378695
75591
681800
378696
75592
75593
681856
436096
378752
132992
75648
18304
681857
436097
378753
132993
75649
681858
436098
378754
132994
75650
681859
436099
378755
132995
75651
681860
436100
378756
132996
75652
681861
378757
132997
75653
681862
378758
75654
75655
681920
624576
436160
378816
321472
133056
75712
18368
681921
624577
436161
378817
321473
133057
75713
18369
681922
436162
378818
133058
75714
18370
681923
436163
378819
133059
75715
681924
378820
75716
681925
378821
75717
681926
378822
75718
681927
378823
75719
681928
378824
75720
681929
378825
75721
624640
436224
378880
321536
133120
75776
18432
624641
436225
378881
321537
133121
75777
18433
624642
378882
321538
75778
18434
378883
321539
75779
18435
378884
75780
378885
75781
378886
75782
378887
75783
378888
75784
378889
75785
624704
378944
321600
133184
75840
18496
624705
378945
321601
75841
18497
624706
378946
321602
75842
18498
624707
378947
321603
75843
18499
624708
378948
321604
75844
18500
378949
75845
18501
378950
75846
75847
624768
379008
321664
75904
18560
624769
379009
321665
75905
18561
624770
379010
321666
75906
18562
624771
379011
321667
75907
18563
624772
379012
321668
75908
18564
624773
379013
321669
75909
18565
624774
379014
321670
75910
18566
379015
75911
379016
75912
75913
624832
379072
321728
75968
18624
624833
379073
321729
75969
18625
624834
379074
321730
75970
18626
624835
379075
321731
75971
18627
624836
379076
321732
75972
18628
624837
379077
321733
75973
18629
624838
379078
321734
75974
18630
624839
379079
321735
75975
18631
624840
379080
321736
75976
18632
379081
75977
75978
624896
379136
321792
76032
18688
624897
379137
321793
76033
18689
624898
379138
321794
76034
18690
624899
379139
321795
76035
18691
624900
379140
321796
76036
18692
624901
379141
321797
76037
18693
624902
379142
321798
76038
18694
624903
379143
321799
76039
18695
624904
379144
321800
76040
18696
624905
321801
18697
18698
624960
379200
321856
76096
18752
624961
379201
321857
76097
18753
624962
379202
321858
76098
18754
624963
379203
321859
76099
18755
624964
379204
321860
76100
18756
624965
379205
321861
76101
18757
624966
379206
321862
76102
18758
624967
321863
18759
624968
321864
18760
18761
625024
379264
321920
76160
18816
625025
379265
321921
76161
18817
625026
379266
321922
76162
18818
625027
379267
321923
76163
18819
625028
379268
321924
76164
18820
625029
321925
76165
18821
625030
321926
18822
18823
625088
567744
379328
321984
264640
76224
18880
625089
567745
379329
321985
264641
76225
18881
625090
379330
321986
76226
18882
625091
379331
321987
76227
18883
625092
321988
18884
625093
321989
18885
625094
321990
18886
625095
321991
18887
625096
321992
18888
625097
321993
18889
625152
567808
379392
322048
264704
76288
18944
625153
567809
379393
322049
264705
76289
18945
625154
567810
322050
264706
76290
18946
625155
322051
264707
18947
625156
322052
18948
625157
322053
18949
625158
322054
18950
625159
322055
18951
625160
322056
18952
625161
322057
18953
625216
567872
322112
264768
76352
19008
625217
567873
322113
264769
19009
625218
567874
322114
264770
19010
625219
567875
322115
264771
19011
625220
567876
322116
264772
19012
625221
322117
19013
625222
322118
19014
19015
625280
567936
322176
264832
19072
625281
567937
322177
264833
19073
625282
567938
322178
264834
19074
625283
567939
322179
264835
19075
625284
567940
322180
264836
19076
625285
567941
322181
264837
19077
625286
567942
322182
264838
19078
625287
322183
19079
625288
322184
19080
19081
625344
568000
322240
264896
19136
625345
568001
322241
264897
19137
625346
568002
322242
264898
19138
625347
568003
322243
264899
19139
625348
568004
322244
264900
19140
625349
568005
322245
264901
19141
625350
568006
322246
264902
19142
625351
568007
322247
264903
19143
625352
568008
322248
264904
19144
625353
322249
19145
19146
625408
568064
322304
264960
19200
625409
568065
322305
264961
19201
625410
568066
322306
264962
19202
625411
568067
322307
264963
19203
625412
568068
322308
264964
19204
625413
568069
322309
264965
19205
625414
568070
322310
264966
19206
625415
568071
322311
264967
19207
625416
568072
322312
264968
19208
568073
264969
625472
568128
322368
265024
19264
625473
568129
322369
265025
19265
625474
568130
322370
265026
19266
625475
568131
322371
265027
19267
625476
568132
322372
265028
19268
625477
568133
322373
265029
19269
625478
568134
322374
265030
19270
568135
265031
568136
265032
265033
625536
568192
322432
265088
207744
19328
625537
568193
322433
265089
19329
625538
568194
322434
265090
19330
625539
568195
322435
265091
19331
625540
568196
322436
265092
19332
568197
265093
19333
568198
265094
625600
568256
510912
322496
265152
207808
19392
625601
568257
510913
322497
265153
207809
19393
625602
568258
322498
265154
19394
568259
322499
265155
19395
568260
265156
568261
265157
568262
265158
568263
265159
568264
265160
568265
265161
625664
568320
510976
322560
265216
207872
19456
625665
568321
510977
322561
265217
207873
19457
568322
510978
265218
207874
19458
568323
265219
207875
568324
265220
568325
265221
568326
265222
568327
265223
568328
265224
568329
265225
568384
511040
265280
207936
19520
568385
511041
265281
207937
568386
511042
265282
207938
568387
511043
265283
207939
568388
511044
265284
207940
568389
265285
207941
568390
265286
568448
511104
265344
208000
568449
511105
265345
208001
568450
511106
265346
208002
568451
511107
265347
208003
568452
511108
265348
208004
568453
511109
265349
208005
568454
511110
265350
208006
568455
265351
568456
265352
265353
568512
511168
265408
208064
568513
511169
265409
208065
568514
511170
265410
208066
568515
511171
265411
208067
568516
511172
265412
208068
568517
511173
265413
208069
568518
511174
265414
208070
568519
511175
265415
208071
568520
511176
265416
208072
568521
265417
568576
511232
265472
208128
568577
511233
265473
208129
568578
511234
265474
208130
568579
511235
265475
208131
568580
511236
265476
208132
568581
511237
265477
208133
568582
511238
265478
208134
568583
511239
265479
208135
568584
511240
265480
208136
511241
208137
568640
511296
265536
208192
568641
511297
265537
208193
568642
511298
265538
208194
568643
511299
265539
208195
568644
511300
265540
208196
568645
511301
265541
208197
568646
511302
265542
208198
511303
208199
511304
208200
208201
568704
511360
265600
208256
150912
568705
511361
265601
208257
568706
511362
265602
208258
568707
511363
265603
208259
568708
511364
265604
208260
511365
208261
511366
208262
568768
511424
454080
265664
208320
150976
568769
511425
454081
265665
208321
150977
568770
511426
265666
208322
511427
265667
208323
511428
208324
511429
208325
511430
208326
511431
208327
511432
208328
511433
208329
568832
511488
454144
265728
208384
151040
568833
511489
454145
265729
208385
151041
511490
454146
208386
151042
511491
454147
208387
151043
511492
208388
511493
208389
511494
208390
511495
208391
511496
208392
511497
208393
511552
454208
208448
151104
511553
454209
208449
151105
511554
454210
208450
151106
511555
454211
208451
151107
511556
454212
208452
151108
511557
208453
151109
511558
208454
511616
454272
208512
151168
511617
454273
208513
151169
511618
454274
208514
151170
511619
454275
208515
151171
511620
454276
208516
151172
511621
454277
208517
151173
511622
454278
208518
151174
511623
208519
511624
208520
208521
511680
454336
208576
151232
511681
454337
208577
151233
511682
454338
208578
151234
511683
454339
208579
151235
511684
454340
208580
151236
511685
454341
208581
151237
511686
454342
208582
151238
511687
454343
208583
151239
511688
454344
208584
151240
511689
208585
511744
454400
208640
151296
511745
454401
208641
151297
511746
454402
208642
151298
511747
454403
208643
151299
511748
454404
208644
151300
511749
454405
208645
151301
511750
454406
208646
151302
511751
454407
208647
151303
511752
454408
208648
151304
454409
151305
511808
454464
208704
151360
511809
454465
208705
151361
511810
454466
208706
151362
511811
454467
208707
151363
511812
454468
208708
151364
511813
454469
208709
151365
511814
454470
208710
151366
454471
151367
454472
151368
151369
511872
454528
208768
151424
94080
511873
454529
208769
151425
511874
454530
208770
151426
511875
454531
208771
151427
511876
454532
208772
151428
454533
208773
151429
454534
151430
151431
511936
454592
397248
208832
151488
94144
511937
454593
397249
208833
151489
94145
511938
454594
208834
151490
94146
454595
208835
151491
454596
151492
454597
151493
454598
151494
454599
151495
454600
151496
454601
151497
512000
454656
397312
208896
151552
94208
512001
454657
397313
208897
151553
94209
454658
397314
151554
94210
454659
397315
151555
94211
454660
151556
454661
151557
454662
151558
454663
151559
454664
151560
454665
151561
454720
397376
208960
151616
94272
454721
397377
151617
94273
454722
397378
151618
94274
454723
397379
151619
94275
454724
397380
151620
94276
454725
151621
94277
454726
151622
454784
397440
151680
94336
454785
397441
151681
94337
454786
397442
151682
94338
454787
397443
151683
94339
454788
397444
151684
94340
454789
397445
151685
94341
454790
397446
151686
94342
454791
151687
454792
151688
151689
454848
397504
151744
94400
454849
397505
151745
94401
454850
397506
151746
94402
454851
397507
151747
94403
454852
397508
151748
94404
454853
397509
151749
94405
454854
397510
151750
94406
454855
397511
151751
94407
454856
397512
151752
94408
454857
151753
454912
397568
151808
94464
454913
397569
151809
94465
454914
397570
151810
94466
454915
397571
151811
94467
454916
397572
151812
94468
454917
397573
151813
94469
454918
397574
151814
94470
454919
397575
151815
94471
454920
397576
151816
94472
397577
94473
94474
454976
397632
151872
94528
454977
397633
151873
94529
454978
397634
151874
94530
454979
397635
151875
94531
454980
397636
151876
94532
454981
397637
151877
94533
454982
397638
151878
94534
397639
94535
397640
94536
94537
455040
397696
151936
94592
37248
455041
397697
151937
94593
455042
397698
151938
94594
455043
397699
151939
94595
455044
397700
151940
94596
397701
151941
94597
397702
94598
94599
643520
455104
397760
340416
152000
94656
37312
643521
455105
397761
340417
152001
94657
37313
455106
397762
152002
94658
37314
455107
397763
152003
94659
397764
94660
397765
94661
397766
94662
397767
94663
397768
94664
397769
94665
643584
455168
397824
340480
152064
94720
37376
643585
455169
397825
340481
152065
94721
37377
643586
397826
340482
94722
37378
397827
340483
94723
37379
397828
94724
397829
94725
397830
94726
397831
94727
397832
94728
397833
94729
643648
397888
340544
152128
94784
37440
643649
397889
340545
94785
37441
643650
397890
340546
94786
37442
643651
397891
340547
94787
37443
643652
397892
340548
94788
37444
397893
94789
37445
397894
94790
94791
643712
397952
340608
94848
37504
643713
397953
340609
94849
37505
643714
397954
340610
94850
37506
643715
397955
340611
94851
37507
643716
397956
340612
94852
37508
643717
397957
340613
94853
37509
643718
397958
340614
94854
37510
397959
94855
397960
94856
94857
643776
398016
340672
94912
37568
643777
398017
340673
94913
37569
643778
398018
340674
94914
37570
643779
398019
340675
94915
37571
643780
398020
340676
94916
37572
643781
398021
340677
94917
37573
643782
398022
340678
94918
37574
643783
398023
340679
94919
37575
643784
398024
340680
94920
37576
398025
94921
643840
398080
340736
94976
37632
643841
398081
340737
94977
37633
643842
398082
340738
94978
37634
643843
398083
340739
94979
37635
643844
398084
340740
94980
37636
643845
398085
340741
94981
37637
643846
398086
340742
94982
37638
643847
398087
340743
94983
37639
643848
398088
340744
94984
37640
643849
340745
37641
37642
643904
398144
340800
95040
37696
643905
398145
340801
95041
37697
643906
398146
340802
95042
37698
643907
398147
340803
95043
37699
643908
398148
340804
95044
37700
643909
398149
340805
95045
37701
643910
398150
340806
95046
37702
643911
340807
37703
643912
340808
37704
37705
643968
398208
340864
95104
37760
643969
398209
340865
95105
37761
643970
398210
340866
95106
37762
643971
398211
340867
95107
37763
643972
398212
340868
95108
37764
643973
340869
95109
37765
643974
340870
37766
37767
644032
586688
398272
340928
283584
95168
37824
644033
586689
398273
340929
283585
95169
37825
644034
398274
340930
95170
37826
644035
398275
340931
95171
37827
644036
340932
37828
644037
340933
37829
644038
340934
37830
644039
340935
37831
644040
340936
37832
644041
340937
37833
644096
586752
398336
340992
283648
95232
37888
644097
586753
398337
340993
283649
95233
37889
644098
586754
340994
283650
37890
644099
340995
283651
37891
644100
340996
37892
644101
340997
37893
644102
340998
37894
644103
340999
37895
644104
341000
37896
644105
341001
37897
644160
586816
341056
283712
95296
37952
644161
586817
341057
283713
37953
644162
586818
341058
283714
37954
644163
586819
341059
283715
37955
644164
586820
341060
283716
37956
644165
341061
37957
644166
341062
37958
37959
644224
586880
341120
283776
38016
644225
586881
341121
283777
38017
644226
586882
341122
283778
38018
644227
586883
341123
283779
38019
644228
586884
341124
283780
38020
644229
586885
341125
283781
38021
644230
586886
341126
283782
38022
644231
341127
38023
644232
341128
38024
38025
644288
586944
341184
283840
38080
644289
586945
341185
283841
38081
644290
586946
341186
283842
38082
644291
586947
341187
283843
38083
644292
586948
341188
283844
38084
644293
586949
341189
283845
38085
644294
586950
341190
283846
38086
644295
586951
341191
283847
38087
644296
586952
341192
283848
38088
644297
341193
38089
38090
644352
587008
341248
283904
38144
644353
587009
341249
283905
38145
644354
587010
341250
283906
38146
644355
587011
341251
283907
38147
644356
587012
341252
283908
38148
644357
587013
341253
283909
38149
644358
587014
341254
283910
38150
644359
587015
341255
283911
38151
644360
587016
341256
283912
38152
587017
283913
644416
587072
341312
283968
38208
644417
587073
341313
283969
38209
644418
587074
341314
283970
38210
644419
587075
341315
283971
38211
644420
587076
341316
283972
38212
644421
587077
341317
283973
38213
644422
587078
341318
283974
38214
587079
283975
587080
283976
283977
644480
587136
341376
284032
226688
38272
644481
587137
341377
284033
38273
644482
587138
341378
284034
38274
644483
587139
341379
284035
38275
644484
587140
341380
284036
38276
587141
284037
38277
587142
284038
644544
587200
529856
341440
284096
226752
38336
644545
587201
529857
341441
284097
226753
38337
644546
587202
341442
284098
38338
587203
341443
284099
38339
587204
284100
587205
284101
587206
284102
587207
284103
587208
284104
587209
284105
644608
587264
529920
341504
284160
226816
38400
587265
529921
341505
284161
226817
38401
587266
529922
284162
226818
38402
587267
284163
226819
587268
284164
587269
284165
587270
284166
587271
284167
587272
284168
587273
284169
587328
529984
284224
226880
38464
587329
529985
284225
226881
587330
529986
284226
226882
587331
529987
284227
226883
587332
529988
284228
226884
587333
284229
226885
587334
284230
587392
530048
284288
226944
587393
530049
284289
226945
587394
530050
284290
226946
587395
530051
284291
226947
587396
530052
284292
226948
587397
530053
284293
226949
587398
530054
284294
226950
587399
284295
587400
284296
587456
530112
284352
227008
587457
530113
284353
227009
587458
530114
284354
227010
587459
530115
284355
227011
587460
530116
284356
227012
587461
530117
284357
227013
587462
530118
284358
227014
587463
530119
284359
227015
587464
530120
284360
227016
587465
284361
587520
530176
284416
227072
587521
530177
284417
227073
587522
530178
284418
227074
587523
530179
284419
227075
587524
530180
284420
227076
587525
530181
284421
227077
587526
530182
284422
227078
587527
530183
284423
227079
587528
530184
284424
227080
530185
227081
587584
530240
284480
227136
587585
530241
284481
227137
587586
530242
284482
227138
587587
530243
284483
227139
587588
530244
284484
227140
587589
530245
284485
227141
587590
530246
284486
227142
530247
227143
530248
227144
227145
587648
530304
284544
227200
169856
587649
530305
284545
227201
587650
530306
284546
227202
587651
530307
284547
227203
587652
530308
284548
227204
530309
227205
530310
227206
587712
530368
473024
284608
227264
169920
587713
530369
473025
284609
227265
169921
587714
530370
284610
227266
530371
284611
227267
530372
227268
530373
227269
530374
227270
530375
227271
530376
227272
530377
227273
587776
530432
473088
284672
227328
169984
587777
530433
473089
284673
227329
169985
530434
473090
227330
169986
530435
473091
227331
169987
530436
227332
530437
227333
530438
227334
530439
227335
530440
227336
530441
227337
530496
473152
227392
170048
530497
473153
227393
170049
530498
473154
227394
170050
530499
473155
227395
170051
530500
473156
227396
170052
530501
227397
170053
530502
227398
530560
473216
227456
170112
530561
473217
227457
170113
530562
473218
227458
170114
530563
473219
227459
170115
530564
473220
227460
170116
530565
473221
227461
170117
530566
473222
227462
170118
530567
227463
530568
227464
227465
530624
473280
227520
170176
530625
473281
227521
170177
530626
473282
227522
170178
530627
473283
227523
170179
530628
473284
227524
170180
530629
473285
227525
170181
530630
473286
227526
170182
530631
473287
227527
170183
530632
473288
227528
170184
530633
227529
530688
473344
227584
170240
530689
473345
227585
170241
530690
473346
227586
170242
530691
473347
227587
170243
530692
473348
227588
170244
530693
473349
227589
170245
530694
473350
227590
170246
530695
473351
227591
170247
530696
473352
227592
170248
473353
170249
530752
473408
227648
170304
530753
473409
227649
170305
530754
473410
227650
170306
530755
473411
227651
170307
530756
473412
227652
170308
530757
473413
227653
170309
530758
473414
227654
170310
473415
170311
473416
170312
170313
530816
473472
227712
170368
113024
530817
473473
227713
170369
530818
473474
227714
170370
530819
473475
227715
170371
530820
473476
227716
170372
473477
227717
170373
473478
170374
530880
473536
416192
227776
170432
113088
530881
473537
416193
227777
170433
113089
530882
473538
227778
170434
473539
227779
170435
473540
170436
473541
170437
473542
170438
473543
170439
473544
170440
473545
170441
530944
473600
416256
227840
170496
113152
530945
473601
416257
227841
170497
113153
473602
416258
170498
113154
473603
416259
170499
113155
473604
170500
473605
170501
473606
170502
473607
170503
473608
170504
473609
170505
473664
416320
227904
170560
113216
473665
416321
170561
113217
473666
416322
170562
113218
473667
416323
170563
113219
473668
416324
170564
113220
473669
170565
113221
473670
170566
473728
416384
170624
113280
473729
416385
170625
113281
473730
416386
170626
113282
473731
416387
170627
113283
473732
416388
170628
113284
473733
416389
170629
113285
473734
416390
170630
113286
473735
170631
473736
170632
170633
473792
416448
170688
113344
473793
416449
170689
113345
473794
416450
170690
113346
473795
416451
170691
113347
473796
416452
170692
113348
473797
416453
170693
113349
473798
416454
170694
113350
473799
416455
170695
113351
473800
416456
170696
113352
473801
170697
473856
416512
170752
113408
473857
416513
170753
113409
473858
416514
170754
113410
473859
416515
170755
113411
473860
416516
170756
113412
473861
416517
170757
113413
473862
416518
170758
113414
473863
416519
170759
113415
473864
416520
170760
113416
416521
113417
473920
416576
170816
113472
473921
416577
170817
113473
473922
416578
170818
113474
473923
416579
170819
113475
473924
416580
170820
113476
473925
416581
170821
113477
473926
416582
170822
113478
416583
113479
416584
113480
113481
473984
416640
170880
113536
56192
473985
416641
170881
113537
473986
416642
170882
113538
473987
416643
170883
113539
473988
416644
170884
113540
416645
170885
113541
416646
113542
113543
662464
474048
416704
359360
170944
113600
56256
474049
416705
359361
170945
113601
56257
474050
416706
170946
113602
56258
416707
170947
113603
416708
113604
416709
113605
416710
113606
416711
113607
416712
113608
416713
113609
662528
474112
416768
359424
171008
113664
56320
662529
474113
416769
359425
171009
113665
56321
662530
416770
359426
113666
56322
416771
359427
113667
56323
416772
113668
416773
113669
416774
113670
416775
113671
416776
113672
416777
113673
662592
416832
359488
171072
113728
56384
662593
416833
359489
113729
56385
662594
416834
359490
113730
56386
662595
416835
359491
113731
56387
662596
416836
359492
113732
56388
416837
113733
56389
416838
113734
113735
662656
416896
359552
113792
56448
662657
416897
359553
113793
56449
662658
416898
359554
113794
56450
662659
416899
359555
113795
56451
662660
416900
359556
113796
56452
662661
416901
359557
113797
56453
662662
416902
359558
113798
56454
416903
113799
416904
113800
113801
662720
416960
359616
113856
56512
662721
416961
359617
113857
56513
662722
416962
359618
113858
56514
662723
416963
359619
113859
56515
662724
416964
359620
113860
56516
662725
416965
359621
113861
56517
662726
416966
359622
113862
56518
662727
416967
359623
113863
56519
662728
416968
359624
113864
56520
416969
113865
662784
417024
359680
113920
56576
662785
417025
359681
113921
56577
662786
417026
359682
113922
56578
662787
417027
359683
113923
56579
662788
417028
359684
113924
56580
662789
417029
359685
113925
56581
662790
417030
359686
113926
56582
662791
417031
359687
113927
56583
662792
417032
359688
113928
56584
662793
359689
56585
56586
662848
417088
359744
113984
56640
662849
417089
359745
113985
56641
662850
417090
359746
113986
56642
662851
417091
359747
113987
56643
662852
417092
359748
113988
56644
662853
417093
359749
113989
56645
662854
417094
359750
113990
56646
662855
359751
56647
662856
359752
56648
56649
662912
417152
359808
114048
56704
662913
417153
359809
114049
56705
662914
417154
359810
114050
56706
662915
417155
359811
114051
56707
662916
417156
359812
114052
56708
662917
359813
114053
56709
662918
359814
56710
56711
662976
605632
417216
359872
302528
114112
56768
662977
605633
417217
359873
302529
114113
56769
662978
417218
359874
114114
56770
662979
417219
359875
114115
56771
662980
359876
56772
662981
359877
56773
662982
359878
56774
662983
359879
56775
662984
359880
56776
662985
359881
56777
663040
605696
417280
359936
302592
114176
56832
663041
605697
417281
359937
302593
114177
56833
663042
605698
359938
302594
56834
663043
359939
302595
56835
663044
359940
56836
663045
359941
56837
663046
359942
56838
663047
359943
56839
663048
359944
56840
663049
359945
56841
663104
605760
360000
302656
114240
56896
663105
605761
360001
302657
56897
663106
605762
360002
302658
56898
663107
605763
360003
302659
56899
663108
605764
360004
302660
56900
663109
360005
56901
663110
360006
56902
56903
663168
605824
360064
302720
56960
663169
605825
360065
302721
56961
663170
605826
360066
302722
56962
663171
605827
360067
302723
56963
663172
605828
360068
302724
56964
663173
605829
360069
302725
56965
663174
605830
360070
302726
56966
663175
360071
56967
663176
360072
56968
56969
663232
605888
360128
302784
57024
663233
605889
360129
302785
57025
663234
605890
360130
302786
57026
663235
605891
360131
302787
57027
663236
605892
360132
302788
57028
663237
605893
360133
302789
57029
663238
605894
360134
302790
57030
663239
605895
360135
302791
57031
663240
605896
360136
302792
57032
663241
360137
57033
57034
663296
605952
360192
302848
57088
663297
605953
360193
302849
57089
663298
605954
360194
302850
57090
663299
605955
360195
302851
57091
663300
605956
360196
302852
57092
663301
605957
360197
302853
57093
663302
605958
360198
302854
57094
663303
605959
360199
302855
57095
663304
605960
360200
302856
57096
605961
302857
663360
606016
360256
302912
57152
663361
606017
360257
302913
57153
663362
606018
360258
302914
57154
663363
606019
360259
302915
57155
663364
606020
360260
302916
57156
663365
606021
360261
302917
57157
663366
606022
360262
302918
57158
606023
302919
606024
302920
663424
606080
360320
302976
245632
57216
663425
606081
360321
302977
57217
663426
606082
360322
302978
57218
663427
606083
360323
302979
57219
663428
606084
360324
302980
57220
606085
302981
57221
606086
302982
663488
606144
548800
360384
303040
245696
57280
663489
606145
548801
360385
303041
245697
57281
663490
606146
360386
303042
57282
606147
360387
303043
57283
606148
303044
606149
303045
606150
303046
606151
303047
606152
303048
606153
303049
)


// ************************************************************************* //
