/*--------------------------------*- C++ -*----------------------------------*\
| =========                 |                                                 |
| \\      /  F ield         | OpenFOAM: The Open Source CFD Toolbox           |
|  \\    /   O peration     | Version:                                        |
|   \\  /    A nd           | Website:  www.openfoam.com                      |
|    \\/     M anipulation  |                                                 |
\*---------------------------------------------------------------------------*/
FoamFile
{
    version     2.0;
    format      ascii;
    class       faceSet;
    location    "constant/polyMesh/sets";
    object      nonOrthoFaces;
}
// * * * * * * * * * * * * * * * * * * * * * * * * * * * * * * * * * * * * * //


1846
(
4179
4182
4185
4188
4191
139362
4194
139363
139365
4197
139366
139368
4200
139369
139371
4203
139372
139374
4206
139375
139377
4209
139378
139380
4212
139381
139383
4215
139384
139386
4218
139387
139389
4221
139390
139392
139393
139395
139396
139398
139399
139401
139402
139404
139405
139407
139408
139410
139411
139413
139414
139416
139417
139419
139420
139422
139423
139425
139426
139428
139429
139431
139432
139434
139435
4360
4361
4363
4364
4366
4367
4369
4370
4372
4373
4375
4376
4378
4379
4381
4382
4384
139553
4385
139554
4387
139556
4388
139557
4390
139559
4391
139560
4393
139562
4394
139563
4396
139565
4397
139566
4399
139568
4400
139569
4402
139571
4403
139572
4405
139574
4406
139575
4408
139577
4409
139578
4411
139580
4412
139581
4414
139583
4415
139584
4417
139586
4418
139587
4420
139589
4421
139590
4423
139592
4424
139593
4426
139595
4427
139596
4429
139598
4430
139599
4432
139601
4433
139602
139604
139605
139607
139608
139610
139611
139613
139614
139616
139617
139619
139620
139622
139623
139625
139626
4545
4546
4548
4549
4551
4552
4554
4555
4557
4558
4560
4561
4563
4564
4566
4567
4569
4570
4572
4573
4575
139744
4576
4578
139747
4579
4581
139750
4582
4584
139753
4585
4587
139756
4588
4590
139759
4591
4593
139762
4594
4596
139765
4597
4599
139768
4600
4602
139771
4603
4605
139774
4606
4608
139777
4609
4611
139780
4612
4614
139783
4615
4617
139786
4618
4620
139789
4621
139792
139795
139798
139801
139804
139807
139810
139813
94757
139816
94760
94763
94766
94769
94772
94775
94778
94781
94784
94787
94790
49741
49744
49747
49750
49753
49756
49759
49762
49765
49768
49771
49774
49777
49780
4733
4734
4736
4737
4739
4740
4742
4743
4745
4746
4748
4749
4751
4752
4754
4755
4757
4758
4760
4761
4763
4764
4766
4767
4769
4770
4772
4773
4775
4776
4778
4779
4781
4782
4784
4785
4787
4788
4790
4791
4793
4794
4796
4797
4799
4800
4802
4803
4805
4806
4808
4809
4811
4812
94941
94942
94944
94945
94947
94948
94950
94951
94953
94954
94956
94957
94959
94960
94962
94963
94965
94966
94968
94969
94971
94972
94974
94975
94977
94978
94980
94981
49925
49926
94983
94984
49928
49929
94986
94987
49931
49932
94989
94990
49934
49935
94992
201489
94993
49937
201490
49938
201491
94995
201492
94996
49940
201493
49941
201494
94998
201495
94999
49943
201496
49944
201497
95001
201498
95002
49946
201499
49947
201500
95004
201501
95005
49949
201502
49950
201503
95007
201504
95008
49952
201505
49953
201506
95010
201507
95011
49955
201508
49956
201509
201510
95014
49958
201511
49959
201512
201513
49961
201514
49962
201515
201516
49964
201517
49965
201518
201519
49967
201520
49968
201521
201522
49970
201523
49971
201524
201525
49973
201526
49974
201527
201528
49976
201529
49977
201530
201531
49979
201532
49980
4924
201533
201534
49982
49983
4927
49985
49986
4930
49988
49989
4933
49991
49992
4936
49994
49995
4939
4942
4945
4948
4951
4954
4957
4960
4963
4966
4969
4972
4975
4978
4981
4984
4987
4990
4993
4996
4999
5002
201612
201613
201614
201615
201616
201617
201618
201619
201620
201621
201622
201623
201624
201625
95129
201626
95130
201627
201628
95132
201629
95133
201630
201631
95135
201632
95136
201633
201634
95138
201635
95139
201636
201637
95141
201638
95142
201639
201640
95144
201641
95145
201642
201643
95147
201644
95148
201645
201646
95150
201647
95151
201648
201649
95153
201650
95154
201651
201652
95156
201653
95157
201654
201655
95159
201656
95160
201657
201658
95162
201659
95163
95165
95166
50110
50111
95168
95169
50113
50114
95171
95172
50116
50117
95174
95175
50119
50120
95177
95178
50122
50123
95180
95181
50125
50126
95183
95184
50128
50129
95186
95187
50131
50132
95189
95190
50134
50135
95192
95193
50137
50138
95195
95196
50140
50141
95198
95199
50143
50144
95202
50146
50147
50149
50150
50152
50153
50155
50156
50158
50159
50161
50162
50164
50165
50167
50168
50170
50171
50173
50174
50176
50177
50179
50180
50182
50183
201739
201740
201741
201742
201743
201744
201745
201746
201747
201748
201749
201750
201751
201752
201753
201754
201755
201756
201757
201758
201759
201760
201761
201762
201763
201764
201765
201766
201767
201768
160808
201769
160809
201770
201771
160811
201772
160812
201773
201774
160814
201775
160815
201776
201777
160817
201778
160818
201779
201780
160820
201781
160821
201782
201783
160823
201784
160824
201785
201786
160826
160827
160829
160830
160832
160833
160835
160836
160838
160839
160841
160842
160844
160845
160847
160848
160850
160851
160853
95317
160854
95318
160856
95320
160857
95321
160859
95323
160860
95324
160862
95326
160863
95327
160865
95329
160866
95330
160868
95332
160869
95333
160871
95335
160872
95336
160874
95338
160875
95339
95341
160878
95342
95344
95345
95347
95348
95350
95351
95353
95354
50298
50299
95356
95357
50301
50302
95359
95360
50304
50305
95362
95363
50307
50308
95365
95366
50310
50311
95368
95369
50313
50314
201867
95371
95372
50316
201869
50317
95374
201871
95375
50319
50320
201873
95377
95378
50322
201875
50323
95380
201877
95381
50325
50326
201879
95383
95384
50328
201881
50329
95386
201883
95387
50331
50332
201885
95389
95390
50334
201887
50335
201889
95393
50337
50338
201891
50340
201893
50341
201895
50343
50344
201897
50346
201899
50347
201901
50349
50350
201903
50352
201905
50353
201907
50355
50356
201909
50358
201911
50359
201913
50361
50362
50364
50365
50367
50368
50370
50371
50373
50374
50377
160996
160997
160999
161000
161002
161003
161005
161006
161008
161009
161011
161012
161014
161015
161017
161018
161020
161021
161023
161024
161026
161027
161029
161030
161032
161033
161035
161036
161038
161039
161041
161042
161044
95508
161045
161047
95511
161048
161050
95514
161051
161053
95517
161054
161056
95520
161057
161059
95523
161060
161062
95526
161063
161065
95529
161066
95532
161069
95535
95538
95541
95544
50489
95547
50492
95550
50495
95553
50498
95556
50501
95559
50504
95562
50507
95565
50510
95568
50513
95571
50516
95574
50519
95577
50522
95580
50525
50528
50531
50534
50537
50540
50543
50546
50549
50552
50555
50558
50561
50564
161187
161188
161190
161191
161193
161194
161196
161197
161199
161200
161202
161203
161205
161206
161208
161209
161211
161212
161214
161215
161217
161218
161220
161221
161223
161224
161226
161227
161229
161230
161232
161233
161235
161236
161238
161239
161241
161242
161244
161245
161247
161248
161250
181731
161251
181732
161253
181734
161254
181735
161256
181737
161257
181738
181740
161260
181741
181743
181744
181746
181747
181749
181750
181752
181753
181755
181756
181758
181759
181761
181762
181764
181765
181767
181768
181770
181771
181773
181774
181776
181777
181779
181780
181782
181783
181785
181786
181788
181789
181791
181792
181794
181795
181797
181798
181801
161378
161381
161384
161387
161390
161393
161396
161399
161402
161405
161408
161411
161414
161417
161420
161423
161426
181908
181909
161429
181911
181912
161432
181914
181915
161435
181917
181918
161438
181920
181921
161441
181923
181924
161444
181926
181927
161447
181929
181930
181932
181933
181935
181936
181938
181939
181941
181942
181944
181945
181947
181948
181950
181951
181953
181954
181956
181957
181959
181960
181962
181963
181965
181966
181968
181969
181971
181972
181974
181975
181977
181978
181981
182089
182090
182092
182093
182095
182096
182098
182099
182101
182102
182104
182105
182107
182108
182110
182111
182113
182114
182116
182117
182119
182120
182122
182123
182125
182126
182128
182129
182131
182132
182134
182135
182137
182138
182140
182141
182143
182144
182146
182147
182149
182150
182152
182153
182155
182156
182158
182159
182162
182270
182273
182276
182279
182282
182285
182288
182291
182294
182297
182300
182303
182306
182309
182312
182315
182318
182321
182324
182327
182330
182333
182336
182339
116977
116980
116983
116986
116989
116992
27022
27025
27028
27031
27034
117149
27037
117150
117152
27040
117153
117155
27043
117156
117158
27046
117159
117161
27049
117162
117164
27052
117165
117167
27055
117168
117170
27058
117171
117173
27061
117174
117176
27064
117177
117179
117180
117182
117183
117185
117186
117188
117189
117191
117192
117194
117195
117197
117198
117200
117201
117203
117204
117206
117207
117209
117210
117212
117213
117215
117216
117218
117219
27206
27207
27209
27210
27212
27213
27215
27216
27218
27219
27221
27222
27224
117337
27225
117338
27227
117340
27228
117341
27230
117343
27231
117344
27233
117346
27234
117347
27236
117349
27237
117350
27239
117352
27240
117353
27242
117355
27243
117356
27245
117358
27246
117359
27248
117361
27249
117362
27251
117364
27252
117365
27254
117367
27255
117368
27257
117370
27258
117371
27260
117373
27261
117374
27263
117376
27264
117377
27266
117379
27267
117380
27269
117382
27270
117383
27272
117385
27273
117386
27275
117388
27276
117389
117391
27279
117392
117394
72338
117395
117397
72341
117398
117400
72344
117401
117403
72347
117404
522909
117406
72350
522911
117407
522912
522913
117409
72353
522914
117410
72356
117413
72359
72362
72365
72368
72371
72374
27391
27392
27394
27395
27397
27398
27400
27401
523019
27403
523020
27404
523021
523022
27406
27407
27409
27410
27412
27413
27415
117528
27416
117529
27418
117531
27419
117532
27421
117534
27422
117535
27424
117537
27425
117538
27427
117540
27428
117541
27430
117543
27431
117544
27433
117546
27434
117547
27436
117549
27437
117550
27439
117552
27440
117553
27442
117555
27443
117556
27445
117558
27446
117559
27448
117561
27449
117562
27451
117564
27452
117565
27454
117567
27455
117568
27457
117570
27458
117571
27460
117573
27461
117574
27463
117576
27464
117577
72522
117579
72523
27467
117580
72525
117582
72526
117583
72528
117585
72529
117586
72531
117588
72532
117589
72534
117591
72535
117592
72537
117594
72538
117595
72540
117597
72541
117598
72543
117600
72544
117601
72546
72547
117604
72549
72550
72552
72553
72555
72556
72558
72559
72561
72562
523123
523124
72564
523125
72565
523126
72567
72568
72570
72571
72573
72574
72576
72577
72579
72580
72582
72583
72585
72586
72588
72589
72591
72592
27579
27580
27582
27583
27585
27586
27588
27589
27591
27592
27594
27595
27597
27598
27600
27601
27603
27604
27606
117719
27607
27609
117722
27610
27612
117725
27613
523230
523231
27615
117728
27616
523233
523234
27618
117731
27619
27621
117734
27622
27624
117737
27625
27627
117740
27628
27630
117743
27631
27633
117746
27634
27636
117749
27637
27639
117752
27640
27642
117755
27643
27645
117758
27646
27648
117761
27649
72707
27651
117764
72708
27652
72710
27654
117767
72711
27655
72713
117770
72714
27658
72716
117773
72717
72719
117776
72720
72722
117779
72723
72725
117782
72726
72728
117785
72729
72731
117788
72732
72734
117791
72735
72737
72738
72740
72741
72743
72744
72746
72747
72749
72750
72752
72753
72755
72756
72758
72759
72761
72762
72764
72765
72767
72768
72770
72771
523333
72773
523334
72774
523335
72776
72777
72779
72780
27770
27773
27776
27779
27782
27785
27788
27791
27794
27797
27800
27803
27806
27809
27812
27815
27818
27821
27824
27827
27830
27833
27836
72895
27839
72896
72898
27842
72899
72901
27845
72902
72904
72905
523467
72907
523468
72908
72910
72911
72913
72914
72916
72917
72919
72920
72922
72923
72925
72926
72928
72929
72931
72932
72934
72935
72937
72938
72940
72941
72943
72944
72946
72947
72949
72950
72952
72953
72955
72956
72958
72959
72961
72962
72964
72965
72967
72968
72970
72971
523573
523574
73086
73089
73092
73095
73098
73101
73104
73107
73110
523673
73113
523674
73116
73119
73122
73125
73128
73131
73134
73137
73140
73143
73146
73149
73152
73155
73158
73161
523775
523776
523873
523874
139174
139175
139177
139178
139180
139181
139183
139184
139186
139187
139189
139190
139192
139193
139195
139196
139198
139199
139201
139202
139204
139205
139207
139208
139210
139211
139213
139214
139216
139217
139219
139220
139222
139223
139225
139226
139228
139229
139231
139232
139234
139235
139237
139238
139240
139241
139243
139244
)


// ************************************************************************* //
