/*--------------------------------*- C++ -*----------------------------------*\
| =========                 |                                                 |
| \\      /  F ield         | OpenFOAM: The Open Source CFD Toolbox           |
|  \\    /   O peration     | Version:                                        |
|   \\  /    A nd           | Website:  www.openfoam.com                      |
|    \\/     M anipulation  |                                                 |
\*---------------------------------------------------------------------------*/
FoamFile
{
    version     2.0;
    format      ascii;
    class       faceSet;
    location    "constant/polyMesh/sets";
    object      nonOrthoFaces;
}
// * * * * * * * * * * * * * * * * * * * * * * * * * * * * * * * * * * * * * //


4120
(
172044
172045
172047
172048
172050
172051
172053
172054
172056
172057
172059
172060
172062
172063
172065
172066
524324
172068
524325
172069
524326
524327
172071
524328
172072
172074
172075
172077
172078
172080
172081
172083
172084
172086
172087
172089
172090
172092
172093
172095
172096
172098
172099
172101
172102
172104
172105
172108
426104
426105
426107
426108
426110
426111
426113
426114
426116
426117
426119
426120
426122
426123
426125
426126
426128
426129
426131
426132
426134
426135
426137
426138
426140
426141
426143
426144
426146
426147
426149
426150
172198
172199
426152
426153
172201
172202
426155
426156
172204
524461
172205
524462
426158
524463
426159
172207
172208
524465
524466
172210
172211
172213
172214
172216
172217
172219
172220
172222
172223
172225
172226
172228
172229
172231
172232
172234
172235
172237
172238
172240
172241
172243
98516
172244
98517
172246
98519
172247
98520
172249
98522
172250
98523
172252
98525
172253
98526
172255
98528
172256
98529
172258
98531
172259
98532
98534
172262
98535
98537
98538
98540
98541
98543
98544
98546
98547
98549
98550
98552
98553
98555
98556
98558
98559
98561
98562
98564
98565
98567
98568
98570
98571
98573
98574
98576
98577
98579
98580
98582
98583
426268
426269
426271
426272
426274
426275
426277
426278
426280
426281
426283
426284
426286
426287
426289
426290
426292
426293
426295
426296
426298
426299
524604
524605
426301
524606
426302
172350
524607
172351
524608
426304
426305
172353
172354
426307
426308
172356
172357
426310
426311
172359
172360
426313
426314
172362
172363
426316
426317
172365
172366
426319
426320
172368
172369
426322
426323
172371
172372
172374
172375
172377
172378
172380
172381
172383
172384
172386
98659
147811
172387
98660
147813
172389
98662
172390
98663
147815
172392
98665
172393
98666
172395
98668
172396
98669
172398
98671
172399
98672
172401
98674
172402
98675
172404
98677
172405
98678
172407
98680
172408
98681
172410
98683
172411
98684
172413
98686
172414
98687
98689
98690
98692
98693
98695
98696
98698
98699
98701
98702
98704
98705
98707
98708
98710
98711
98713
98714
98716
98717
98719
98720
98722
98723
98725
98726
426431
426432
426434
426435
426437
426438
426440
426441
426443
524748
426444
524749
426446
524751
426447
524752
524753
426449
426450
426452
426453
172501
426455
426456
172504
426458
426459
172507
426461
426462
172510
426464
426465
172513
426467
426468
172516
426470
426471
172519
426473
426474
172522
426476
426477
172525
426479
426480
172528
98801
426482
98802
426483
172531
98804
426485
98805
426486
172534
98807
98808
172537
98810
98811
172540
98813
98814
172543
98816
98817
172546
98819
98820
172549
98822
98823
172552
98825
98826
172555
98828
98829
172558
98831
98832
172561
98834
98835
172564
98837
98838
98840
98841
98843
98844
98846
98847
98849
98850
98852
98853
98855
98856
98858
98859
98861
98862
98864
98865
98867
98868
426592
426595
524901
524902
426598
524903
524904
426601
426604
426607
426610
426613
426616
426619
98941
426622
98944
426625
98947
426628
98950
426631
98953
426634
98956
426637
98959
426640
98962
426643
98965
426646
98968
98971
98974
98977
98980
98983
98986
98989
98992
98995
98998
99001
99004
99007
525057
525058
525059
525060
353038
353039
353041
353043
353044
353046
353048
353049
353051
353052
353054
353056
353059
525210
525211
525212
525213
312233
312234
312236
312238
312239
312241
312243
312244
312246
312248
312251
525355
525356
525357
525358
156746
156747
156749
156750
156752
156753
156755
156756
156758
156759
156761
156762
156764
156765
156767
156768
156770
156771
156773
156774
156776
156777
156779
156780
156782
156783
156785
156786
156788
156789
156791
156792
156794
156795
156797
156798
156800
156801
156803
156804
156806
156807
156809
156810
156898
156899
156901
156902
156904
156905
156907
156908
156910
156911
156913
156914
156916
156917
156919
156920
156922
156923
156925
156926
156928
156929
156931
156932
156934
156935
156937
156938
156940
156941
156943
156944
156946
156947
156949
156950
156952
156953
156955
156956
156958
156959
156961
156962
157049
157050
157052
157053
157055
157056
157058
157059
157061
157062
157064
157065
157067
157068
157070
157071
157073
157074
157076
157077
157079
157080
157082
157083
157085
157086
157088
157089
157091
157092
157094
157095
157097
157098
157100
157101
157103
157104
157106
157107
157109
157110
157112
157113
157198
157201
157204
157207
157210
157213
157216
157219
157222
157225
157228
157231
157234
157237
157240
157243
157246
157249
157252
157255
157258
157261
132776
132778
362202
362203
362205
362206
362208
362209
362211
362212
362214
362215
362217
362218
362220
362221
362223
362224
362226
362227
362229
362230
362232
460537
362233
460538
362235
460540
362236
460541
362238
460543
362239
460545
362241
460546
362242
460548
362244
460549
362245
460551
362247
362248
460553
460554
362250
362251
460556
460557
362253
362254
460559
362256
460561
362257
460564
362260
321373
321374
321376
321377
321379
321380
321382
321383
321385
321386
321388
321389
321391
321392
321394
321395
321397
321398
321400
321401
321403
321404
362365
321406
362366
321407
362368
321409
362369
321410
362371
321412
362372
321413
362374
321415
362375
321416
362377
321418
362378
321419
362380
321421
362381
321422
362383
321424
362384
321425
362386
321427
362387
321428
362389
321430
362390
321431
362392
362393
362395
362396
362398
362399
362401
362402
362404
362405
362407
362408
362410
362411
362413
362414
362416
362417
362419
362420
362423
321534
321535
321537
321538
321540
321541
321543
321544
321546
321547
321549
321550
321552
321553
321555
321556
321558
321559
321561
321562
321564
321565
362526
321567
362527
321568
362529
321570
362530
321571
362532
321573
362533
321574
362535
321576
362536
321577
362538
321579
362539
321580
362541
321582
362542
321583
362544
321585
362545
321586
362547
321588
362548
321589
362550
321591
362551
321592
362553
362554
362556
362557
362559
362560
362562
362563
362565
362566
362568
362569
362571
362572
362574
362575
362577
362578
362580
362581
362584
395357
395358
395360
395362
395363
395365
395366
395368
395370
395371
395373
395374
395376
395378
395381
321695
321696
321698
321699
321701
321702
321704
321705
321707
321708
321710
321711
321713
321714
321716
321717
321719
321720
321722
321723
321725
321726
362687
321728
321729
362690
321731
321732
362693
321734
321735
362696
321737
321738
362699
321740
321741
362702
321743
321744
362705
321746
321747
362708
321749
321750
362711
321752
321753
362714
362717
362720
362723
362726
362729
362732
362735
362738
362741
321855
321858
321861
321864
321867
321870
321873
321876
321879
321882
321885
321888
321891
321894
321897
321900
141677
141678
321903
141680
141681
321906
141683
141684
321909
141686
141687
321912
141689
141690
141692
141693
141695
141696
141698
141699
141701
141702
141704
141705
141707
141708
141710
141711
141713
141714
141716
141717
141719
141720
141722
141723
141725
141726
141728
141729
141731
141732
141734
141735
141737
141738
141740
141741
141828
141829
141831
141832
141834
141835
141837
141838
141840
141841
141843
141844
141846
141847
141849
141850
141852
141853
141855
141856
141858
141859
141861
141862
141864
141865
141867
141868
141870
141871
141873
141874
141876
141877
141879
141880
141882
141883
141885
141886
141888
141889
141891
141892
141977
141978
141980
141981
141983
141984
141986
141987
141989
141990
141992
141993
141995
141996
141998
141999
142001
142002
142004
142005
142007
142008
142010
142011
142013
142014
142016
142017
142019
142020
142022
142023
142025
142026
142028
142029
142031
142032
142034
142035
142037
142038
142040
142041
142044
469752
469753
469755
469756
469758
469759
469761
469762
469764
469765
469767
469768
469770
469771
469773
469774
469776
469777
469779
469780
469782
469783
469785
469786
469788
469789
469791
469792
469794
469795
469797
469798
469800
469801
469803
469804
142125
469807
142128
142131
142134
142137
142140
142143
142146
60228
60229
142149
60231
60232
142152
60234
60235
142155
60237
60238
142158
60240
60241
142161
60243
60244
142164
60246
60247
142167
60249
60250
142170
60252
60253
142173
60255
60256
142176
60258
60259
142179
60261
60262
142182
60264
60265
142185
60267
60268
142188
60270
60271
60273
60274
60276
60277
60279
60280
60282
60283
60285
60286
60288
60289
60291
60292
60294
60295
60298
469916
469917
469919
469920
469922
469923
469925
469926
469928
469929
469931
469932
469934
469935
469937
469938
469940
469941
469943
469944
469946
469947
469949
469950
469952
469953
469955
469956
60356
60357
469958
469959
60359
60360
469961
469962
60362
60363
469964
469965
60365
60366
469967
469968
60368
60369
469971
60371
60372
60374
60375
60377
60378
60380
60381
60383
60384
60386
60387
60389
60390
60392
60393
60395
84971
60396
84972
60398
84974
60399
84975
60401
84977
60402
84978
60404
84980
60405
84981
60407
84983
60408
84984
60410
84986
60411
84987
60413
84989
60414
84990
60416
84992
60417
84993
60419
84995
60420
84996
60422
84998
60423
84999
60425
85001
60426
85002
85004
85005
85007
85008
85010
85011
85013
85014
85016
85017
85019
85020
85022
85023
85025
85026
85028
85029
85031
85032
85034
85035
85037
85038
470080
470081
470083
60483
470084
60484
404548
404549
470086
60486
470087
60487
404551
404552
470089
60489
470090
404554
60490
404555
470092
60492
470093
404557
60493
404558
470095
60495
470096
404560
60496
404561
470098
60498
470099
404563
60499
404564
470101
60501
470102
404566
60502
404567
470104
60504
470105
404569
60505
404570
470107
60507
470108
404572
60508
404573
470110
60510
470111
404575
60511
404576
470113
60513
470114
404578
60514
404579
470116
60516
470117
404581
60517
404582
470119
60519
470120
404584
60520
404585
470122
60522
470123
404587
60523
404588
470125
60525
470126
404590
60526
404591
470128
60528
470129
404593
60529
404594
470131
60531
470132
404596
60532
404597
60534
470135
404599
60535
85111
404600
85112
60537
404602
60538
85114
404603
85115
60540
60541
85117
85118
60543
60544
85120
85121
60546
60547
85123
85124
60549
60550
85126
85127
60552
60553
85129
85130
85132
85133
85135
85136
85138
85139
85141
85142
85144
85145
85147
85148
85150
85151
85153
85154
85156
85157
85159
85160
85162
85163
85165
85166
85168
85169
85171
85172
85174
85175
85177
85178
60608
60611
60614
60617
60620
60623
60626
60629
60632
60635
60638
60641
470243
60644
470246
60647
404712
470249
404713
60650
404715
470252
404716
60653
404718
470255
404719
60656
404721
470258
404722
60659
404724
470261
404725
60662
404727
470264
404728
60665
404730
470267
404731
60668
404733
470270
404734
60671
404736
470273
404737
60674
85250
404739
85251
470276
404740
60677
85253
404742
85254
470279
404743
85256
404745
85257
470282
404746
85259
404748
85260
470285
404749
85262
404751
85263
470288
404752
85265
404754
85266
470291
404755
85268
404757
85269
470294
404758
85271
404760
85272
404761
85274
404763
85275
404764
85277
404766
85278
404767
85280
85281
85283
85284
85286
85287
85289
85290
85292
85293
85295
85296
85298
85299
85301
85302
85304
85305
85307
85308
85310
85311
85313
85314
85316
85317
118087
85320
404875
85387
404876
404878
85390
404879
404881
85393
404882
404884
85396
404885
404887
85399
404888
404890
85402
404891
404893
85405
404894
404896
85408
404897
404899
85411
404900
404902
85414
404903
404905
85417
404906
404908
85420
404909
404911
85423
404912
404914
85426
404915
404917
85429
404918
404920
85432
404921
404923
85435
404924
404926
85438
404927
404929
85441
404930
85444
85447
85450
85453
405036
405039
405042
405045
405048
405051
405054
405057
405060
405063
405066
405069
405072
405075
405078
405081
405084
405087
405090
126906
126907
126909
126910
126912
126913
126915
126916
126918
126919
126921
126922
126924
126925
126927
126928
126930
126931
126933
126934
126936
126937
126939
126940
126942
126943
126945
126946
126948
126949
126951
126952
126954
126955
126957
126958
126960
126961
126963
126964
126966
126967
126969
126970
126973
127055
127056
127058
127059
127061
127062
127064
127065
127067
127068
127070
127071
127073
127074
127076
127077
127079
127080
127082
127083
127085
127086
127088
127089
127091
127092
127094
127095
127097
127098
127100
127101
127103
127104
127106
127107
127109
127110
127112
127113
127115
127116
127118
127119
127122
127203
127204
127206
127207
127209
127210
127212
127213
127215
127216
127218
127219
127221
127222
127224
127225
127227
127228
127230
127231
127233
127234
127236
127237
127239
127240
127242
127243
127245
127246
127248
127249
127251
127252
127254
127255
127257
127258
127260
127261
127263
127264
127266
127267
127270
438631
438632
438634
438635
438637
438639
438640
438642
438643
438645
127349
438647
438648
127352
438650
438651
127355
438653
127358
438655
127361
438658
127364
127367
127370
127373
127376
127379
127382
127385
127388
127391
127394
127397
127400
127403
127406
127409
127412
332389
332390
332392
332394
332395
332397
332399
332400
332402
332404
332407
242556
242558
242559
242561
242563
242564
242566
242568
226242
226244
226245
226247
226249
226250
226252
226254
259090
259091
259093
259095
259096
259098
259100
259101
259103
259105
210173
210175
210177
210178
210180
210182
103732
374081
374082
374084
374086
374087
374089
374091
374092
374094
374095
374097
374099
374102
447835
447836
447838
447839
447841
447842
447844
447845
447847
447848
447850
447851
447853
447854
488815
488816
447856
488817
447857
488818
488819
447859
488820
447860
488821
488822
447862
488823
447863
488824
488825
447865
488826
447866
488827
488828
447868
488829
447869
488830
488831
447871
488832
447872
488833
488834
447874
488835
447875
488836
488837
447877
488838
447878
488839
488840
447880
488841
447881
488842
488843
447883
488844
447884
488845
488846
447886
488847
447887
488848
488849
488850
447890
488852
488925
275933
488926
275934
488927
488928
275936
488929
488930
275938
488931
275939
488932
488933
275941
488934
488935
275943
488936
275944
488937
488938
275946
488939
488940
275948
488941
488942
488943
488944
488945
488946
488947
488948
488949
488950
488951
488952
488953
488954
488955
488956
488957
488958
488959
447999
488960
448000
488962
448002
448003
448005
448006
448008
448009
448011
448012
448014
448015
448017
448018
448020
448021
448023
448024
448026
448027
448029
448030
448032
448033
448035
448036
448038
448039
341544
448041
341545
448042
341547
448044
341548
448045
341550
448047
341551
448048
341553
448050
341554
448051
341556
341557
448054
341559
341560
341562
341563
341565
341566
341568
341569
341571
341572
341574
341575
341577
489034
341578
489035
489036
341580
489037
341581
489038
489039
341583
489040
341584
489041
489042
341586
489043
341587
489044
489045
341589
489046
341590
489047
489048
341592
489049
341593
489050
489051
341595
489052
341596
489053
489054
341598
489055
341599
489056
489057
489058
341602
489059
489060
489061
489062
489063
489064
489065
489066
489067
489068
489069
489071
448162
448163
448165
448166
448168
448169
448171
448172
448174
448175
448177
448178
448180
448181
489142
448183
489144
448184
489146
448186
448187
489148
448189
489150
448190
489152
448192
448193
489154
251586
448195
251587
489156
448196
251589
489158
448198
251590
448199
489160
251592
448201
251593
489162
448202
251595
341707
489164
448204
251596
341708
448205
489166
251598
341710
448207
251599
341711
489168
448208
251601
341713
489170
448210
251602
341714
448211
489172
251604
341716
448213
251605
341717
489174
448214
251607
341719
489176
251608
341720
448217
251610
341722
251611
341723
251613
341725
251614
341726
251616
341728
251617
341729
251619
341731
251620
341732
251622
341734
251623
341735
497385
251625
341737
497386
251626
341738
497387
194283
497388
251628
341740
497389
194285
251629
341741
497390
497391
194287
251631
341743
497392
194288
251632
341744
497393
497394
194290
251634
341746
497395
251635
341747
497396
194292
497397
251637
341749
497398
251638
341750
497399
497400
251640
341752
251641
341753
497402
251643
341755
251644
341756
235261
235262
341758
251647
341759
235264
235265
341761
341762
235267
235268
341765
235270
235271
235273
235274
235276
235277
235279
235280
235282
235283
235285
235286
235288
235289
235291
235292
235294
235295
235297
235298
235300
235301
235303
235304
235306
235307
235309
235310
235312
235313
235315
235316
235318
235319
235321
235322
448323
448326
448329
448332
448335
448338
448341
448344
448347
448350
448353
251746
251747
448356
251749
251750
448359
251752
251753
448362
251755
251756
268140
341868
448365
268141
341869
251758
251759
268143
341871
448368
268144
341872
251761
251762
268146
341874
448371
268147
341875
251764
251765
268149
341877
448374
268150
341878
251767
251768
268152
341880
448377
268153
341881
251770
251771
268155
341883
268156
341884
251773
251774
268158
341886
268159
341887
251776
251777
268161
341889
268162
341890
251779
251780
268164
341892
268165
341893
251782
251783
268167
341895
268168
341896
251785
251786
268170
341898
268171
341899
251788
251789
268173
341901
268174
341902
251791
251792
268176
341904
112529
268177
341905
112530
251794
251795
268179
341907
112532
268180
341908
112533
251797
251798
268182
341910
112535
268183
341911
112536
251800
251801
268185
341913
112538
268186
341914
112539
235419
251803
235420
251804
268188
341916
112541
268189
341917
112542
235422
235423
251807
268191
341919
112544
268192
341920
112545
235425
235426
268194
341922
112547
268195
341923
112548
235428
235429
268197
112550
268198
341926
112551
235431
235432
112553
268201
112554
235434
235435
112556
112557
235437
235438
112559
112560
235440
235441
112562
112563
235443
235444
112565
112566
235446
235447
112568
112569
235449
235450
112571
112572
235452
235453
112574
112575
235455
235456
112577
112578
235458
235459
112580
112581
235461
235462
112583
112584
235464
235465
112586
112587
235467
235468
112589
112590
235470
235471
112592
112593
235473
235474
112596
235476
235477
235479
235480
251904
251905
251907
251908
251910
251911
251913
251914
251916
268300
342028
251917
268301
251919
268303
342031
251920
268304
251922
268306
342034
251923
268307
251925
268309
342037
251926
268310
251928
268312
342040
251929
268313
251931
268315
342043
251932
268316
251934
268318
342046
251935
268319
251937
268321
342049
251938
268322
112675
112676
251940
268324
342052
251941
268325
112678
112679
251943
268327
342055
251944
268328
112681
219177
112682
219178
251946
268330
342058
251947
268331
112684
219180
112685
219181
251949
268333
342061
251950
268334
112687
219183
112688
219184
251952
268336
342064
251953
268337
112690
219186
112691
219187
251955
268339
342067
251956
268340
112693
219189
112694
219190
251958
268342
342070
251959
268343
112696
219192
235576
112697
219193
235577
251961
268345
342073
251962
268346
112699
219195
235579
112700
219196
235580
268348
342076
251965
268349
112702
219198
235582
112703
219199
235583
268351
342079
268352
112705
219201
235585
112706
219202
235586
268354
342082
268355
112708
219204
235588
112709
219205
235589
268357
268358
112711
219207
235591
112712
219208
235592
268361
112714
219210
235594
112715
219211
235595
112717
219213
235597
112718
219214
235598
112720
219216
235600
112721
219217
235601
112723
219219
235603
112724
219220
235604
112726
219222
235606
112727
219223
235607
112729
219225
235609
112730
219226
235610
112732
219228
235612
112733
219229
235613
112735
219231
235615
112736
219232
235616
112738
219234
235618
112739
219235
235619
219237
235621
112742
219238
235622
235624
235625
235627
235628
235630
235631
235633
235634
235636
235637
252061
252064
252067
252070
252073
268458
268459
252076
268461
268462
252079
268464
268465
252082
268467
112820
268468
112821
252085
268470
112823
268471
112824
252088
268473
112826
268474
112827
252091
268476
112829
268477
112830
252094
268479
112832
268480
112833
252097
268482
112835
268483
112836
252100
268485
112838
268486
112839
219335
252103
219336
268488
112841
268489
112842
219338
252106
219339
268491
112844
268492
112845
219341
252109
219342
268494
112847
268495
112848
219344
252112
219345
268497
112850
268498
112851
219347
235731
252115
219348
268500
112853
268501
112854
219350
235734
252118
219351
268503
112856
268504
112857
219353
235737
219354
268506
112859
268507
112860
219356
235740
219357
268509
112862
268510
112863
219359
235743
219360
268512
112865
268513
112866
219362
235746
219363
268515
112868
268516
112869
219365
235749
219366
112871
268519
112872
219368
235752
219369
112874
112875
219371
235755
219372
112877
112878
219374
235758
219375
112880
112881
219377
235761
219378
112883
112884
219380
235764
219381
112887
219383
235767
219384
219386
235770
219387
219389
235773
219390
219392
235776
219393
219395
235779
219396
235782
235785
235788
235791
383260
383261
383263
383264
383266
383267
383269
383270
383272
383273
383275
383276
293165
293166
383278
383279
293168
383281
293170
383282
293171
383284
293173
383285
293175
383287
293176
383288
293178
383290
383291
293180
284989
383293
284990
383294
284992
383296
284993
383297
112963
284995
383299
284996
383300
112966
284998
383302
268615
284999
383303
112969
285001
383305
268618
285002
383306
112972
285004
383308
268621
285005
383309
112975
285007
383311
268624
285008
383312
112978
285010
383314
268627
285011
383315
112981
285013
268630
285014
112984
285016
268633
285017
112987
285019
268636
285020
112990
285022
268639
285023
112993
285025
268642
285026
112996
219492
285028
219493
268645
285029
112999
219495
285031
219496
268648
285032
113002
219498
285034
219499
268651
285035
113005
219501
285037
219502
268654
285038
113008
219504
285040
219505
268657
285041
113011
219507
285043
219508
268660
285044
113014
219510
285046
219511
268663
285047
113017
219513
72058
219514
268666
72059
113020
219516
72061
219517
268669
72062
113023
219519
72064
219520
268672
72065
113026
219522
72067
219523
72068
113029
219525
72070
219526
72071
219528
72073
219529
72074
219531
72076
219532
72077
219534
72079
219535
72080
219537
72082
219538
72083
219540
72085
219541
72086
219543
72088
219544
72089
219546
72091
219547
72092
219549
72094
219550
72095
178591
219552
72097
178593
219553
72098
178595
72100
72101
178597
72103
72104
72106
72107
72109
72110
72112
72113
72115
72116
72118
72119
72121
72122
72124
72125
383423
72128
383424
383426
383427
383429
383430
383432
383433
383435
383436
383438
383439
383441
383442
383444
383445
383447
383448
383450
383451
383453
285150
383454
285151
383456
285153
383457
285154
383459
285156
383460
285157
383462
285159
383463
285160
383465
285162
383466
285163
383468
285165
383469
285166
383471
285168
383472
285169
383474
285171
383475
285172
383477
285174
383478
285175
285177
383481
285178
522747
522748
285180
285181
219647
285183
285184
72194
219650
285186
72195
285187
72197
219653
285189
72198
285190
72200
219656
285192
72201
203273
285193
203274
72203
219659
285195
72204
203276
285196
203277
72206
219662
285198
72207
203279
285199
203280
72209
219665
285201
72210
203282
285202
203283
72212
219668
285204
72213
203285
285205
203286
72215
219671
285207
72216
203288
285208
203289
72218
219674
72219
203291
203292
72221
219677
72222
203294
203295
72224
219680
72225
203297
203298
72227
219683
72228
203300
203301
72230
219686
72231
203303
203304
72233
219689
72234
203306
203307
72236
219692
72237
203309
203310
72239
219695
72240
203312
203313
72242
219698
72243
203315
203316
72245
219701
72246
203318
203319
72248
219704
72249
203321
522810
203322
522811
72251
219707
72252
203324
203325
72254
72255
203327
203328
72257
72258
203330
203331
72260
72261
203333
203334
72264
203337
383584
383585
383587
383588
383590
383591
383593
383594
383596
383597
383599
383600
383602
383603
383605
383606
383608
383609
383611
383612
522877
285310
383614
522879
285311
383615
285313
383617
285314
383618
285316
383620
285317
383621
285319
383623
72328
285320
383624
72329
285322
383626
72331
285323
383627
72332
285325
383629
72334
285326
383630
72335
285328
383632
72337
285329
383633
72338
285331
383635
72340
285332
383636
72341
285334
383638
72343
285335
383639
72344
285337
72346
285338
383642
72347
285340
72349
285341
72350
285343
72352
285344
72353
285346
72355
285347
72356
285349
72358
203430
285350
72359
203431
285352
72361
203433
285353
72362
203434
285355
72364
203436
285356
72365
203437
285358
72367
203439
285359
72368
203440
285361
72370
203442
285362
72371
203443
285364
72373
203445
285365
72374
203446
285367
72376
203448
285368
72377
203449
72379
203451
285371
72380
203452
522942
72382
203454
522943
72383
203455
522944
72385
203457
72386
203458
72388
203460
72389
203461
72391
203463
72392
203464
72394
203466
72395
203467
203469
72398
203470
203472
203473
203475
203476
203478
203479
203481
203482
203484
203485
203487
203488
203490
203491
203494
523006
523008
523009
383745
383748
383751
383754
72461
383757
72464
383760
72467
383763
72470
383766
72473
383769
72476
285468
383772
72479
285471
383775
72482
285474
383778
72485
285477
383781
72488
285480
383784
72491
285483
383787
72494
285486
383790
72497
285489
383793
72500
285492
383796
72503
285495
383799
72506
285498
72509
285501
72512
285504
203585
203586
72515
285507
203588
203589
72518
285510
203591
203592
72521
285513
203594
203595
72524
285516
203597
203598
72527
285519
203600
203601
285522
203603
203604
523093
285525
523094
203606
523095
203607
523096
203609
203610
203612
203613
203615
203616
203618
203619
203621
203622
203624
203625
203627
203628
203630
203631
203633
203634
203636
203637
203639
203640
203642
203643
203645
203646
203649
523164
523166
523167
523168
523169
203739
203742
203745
203748
523239
203751
523240
523241
523242
203754
523243
203757
203760
203763
203766
203769
203772
203775
203778
203781
203784
203787
203790
203793
203796
203799
523316
523317
523318
523319
523321
523398
523399
523400
523401
523402
416907
416908
416910
416912
416913
416915
416916
416918
416920
416921
416923
416924
416926
416928
416931
187555
187556
187558
187559
187561
187562
187564
187565
187567
187568
187570
187571
187573
187574
187576
187577
187579
187580
187582
187583
187585
187586
187588
187589
187591
187592
302280
302281
187594
187595
302283
302284
187597
187598
302286
302287
187600
187601
302289
302290
187603
187604
302292
302293
187606
187607
302295
523480
302296
523481
187609
523482
187610
302298
302299
523484
187612
523485
187613
302301
302302
187615
187616
302304
302305
187619
302307
302308
302310
302311
302313
302314
302316
302317
302319
302320
302322
302323
302325
302326
302328
302329
302331
302332
302334
302335
302337
302338
482570
482571
482573
482574
482576
482578
482579
482581
482582
163095
482584
163097
482586
482587
163099
482589
163101
482590
482592
482594
482597
523566
523567
523568
523569
523570
187710
187711
187713
187714
187716
187717
187719
187720
187722
187723
187725
187726
187728
187729
187731
187732
187734
187735
187737
187738
187740
187741
187743
187744
187746
187747
187749
187750
187752
187753
302441
302442
187755
187756
302444
302445
187758
187759
302447
302448
187761
187762
302450
302451
187764
187765
302453
302454
187767
187768
302456
302457
187770
187771
302459
302460
187774
302462
302463
302465
523650
302466
523651
302468
523653
302469
523654
523655
302471
302472
302474
302475
302477
302478
302480
302481
302483
302484
302486
302487
302489
302490
302492
302493
302495
302496
302498
302499
187864
187865
187867
187868
187870
187871
187873
523746
187874
523747
523748
187876
523749
187877
187879
187880
187882
187883
187885
187886
187888
187889
187891
187892
187894
187895
187897
187898
187900
187901
187903
187904
187906
187907
187909
187910
187912
187913
302601
302602
187915
187916
302604
302605
187918
187919
302607
302608
187921
187922
302610
302611
187924
187925
302613
302614
187928
302616
302617
302619
302620
302622
302623
302625
302626
302628
302629
302631
302632
302634
302635
302637
302638
302640
302641
302643
302644
302646
302647
302649
302650
523836
302652
523837
302653
523838
523839
302655
302656
302658
302659
188016
188019
188022
188025
188028
188031
188034
188037
188040
188043
188046
188049
188052
188055
188058
188061
188064
188067
188070
302759
523945
188073
523946
302762
523947
523948
188076
302765
302768
302771
302774
302777
302780
302783
302786
302789
302792
302795
302798
302801
302804
302807
302810
302813
302816
524062
524063
524064
524065
524066
524189
524190
524191
524192
524194
)


// ************************************************************************* //
