/*--------------------------------*- C++ -*----------------------------------*\
| =========                 |                                                 |
| \\      /  F ield         | OpenFOAM: The Open Source CFD Toolbox           |
|  \\    /   O peration     | Version:                                        |
|   \\  /    A nd           | Website:  www.openfoam.com                      |
|    \\/     M anipulation  |                                                 |
\*---------------------------------------------------------------------------*/
FoamFile
{
    version     2.0;
    format      ascii;
    class       faceSet;
    location    "constant/polyMesh/sets";
    object      nonOrthoFaces;
}
// * * * * * * * * * * * * * * * * * * * * * * * * * * * * * * * * * * * * * //


979
(
57403
57404
57406
57407
57409
57410
57412
57413
57415
57416
57418
57419
57421
57422
57424
57425
57427
57428
57430
57431
57433
57434
57436
57437
57439
57440
57442
57443
57445
57446
57448
57449
57451
116
119
121
122
12427
12430
12432
12433
45574
45577
45580
45583
45586
45589
45592
45595
45598
45601
45604
45607
45610
45613
45616
45716
45717
45719
45720
45722
45723
45725
45726
45728
45729
45731
45732
45734
45735
45737
45738
45740
47789
45741
45743
45744
45746
45747
45749
45750
45752
45753
45755
45756
45758
45759
45761
45762
45764
45765
45767
45768
45859
45860
45862
45863
45865
45866
45868
45869
45871
45872
45874
45875
45877
45878
45880
45881
45883
45884
45886
45887
45889
45890
45892
45893
45895
45896
45898
45899
45901
45902
45904
45905
45907
45908
45910
45911
46002
46003
46005
46006
46008
46009
46011
46012
46014
46015
46017
46018
46020
46021
46023
46024
46026
46027
46029
46030
46032
46033
46035
46036
46038
46039
46041
46042
46044
46045
46047
46048
46050
46051
46053
46054
33806
33809
33812
33815
33818
33821
33824
33827
33830
33833
33836
33839
33842
33845
33848
46145
46146
46148
46149
46151
46152
46154
46155
46157
46158
46160
46161
46163
46164
46166
46167
46169
46170
46172
46173
46175
46176
46178
46179
46181
46182
46184
46185
46187
46188
46190
46191
46193
46194
46196
33948
33949
33951
33952
33954
33955
33957
33958
33960
33961
33963
33964
33966
33967
33969
33970
33972
33973
33975
33976
33978
33979
33981
33982
33984
33985
33987
33988
33990
33991
33993
33994
33996
33997
33999
34000
34003
66796
66798
66800
66802
66804
66806
21751
66808
66810
21754
66812
21757
66814
9471
66816
21760
66818
9474
21763
66820
9477
66822
21766
9480
21769
9483
21772
9486
21775
9489
21778
9492
21781
9495
21784
9498
21787
9501
21790
9504
21793
9507
21796
9510
9513
34091
34092
9516
34094
34095
9519
34097
34098
66867
66868
34100
66869
34101
66870
66871
34103
66872
34104
66873
66874
34106
66875
34107
66876
66877
34109
66878
34110
66879
66880
34112
66881
34113
66882
66883
34115
66884
34116
66885
66886
34118
66887
34119
66888
66889
34121
66890
34122
66891
66892
34124
66893
34125
66894
66895
34127
66896
34128
66897
66898
34130
66899
34131
66900
34133
34134
34136
34137
34139
34140
34142
34143
34146
66934
66935
66936
66937
66938
66939
66940
66941
66942
66943
66944
66945
66946
66947
66948
66949
21893
66950
21894
66951
66952
21896
66953
21897
66954
66955
21899
66956
21900
66957
9613
66958
21902
9614
66959
21903
66960
9616
66961
21905
9617
66962
21906
66963
9619
66964
21908
9620
66965
21909
66966
9622
66967
21911
9623
21912
9625
21914
9626
21915
9628
21917
9629
21918
9631
21920
9632
21921
9634
21923
9635
21924
9637
21926
9638
21927
9640
21929
9641
21930
9643
21932
9644
21933
9646
21935
9647
21936
9649
66994
21938
9650
66995
21939
66996
9652
66997
21941
9653
66998
21942
66999
9655
67000
21944
9656
67001
21945
67002
34234
9658
67003
34235
21947
9659
67004
21948
67005
34237
9661
67006
34238
9662
67007
67008
34240
9664
67009
34241
9665
67010
67011
34243
9667
67012
34244
9668
67013
67014
34246
67015
34247
67016
67017
34249
67018
34250
67019
67020
34252
67021
34253
67022
67023
34255
144848
67024
34256
144849
67025
144850
67026
34258
144851
67027
34259
34261
34262
34264
34265
34267
34268
34270
34271
34273
67042
36322
34274
67043
67044
34276
67045
34277
67046
67047
34279
67048
34280
67049
67050
34282
67051
34283
67052
67053
34285
67054
34286
67055
67056
67057
67058
67059
67060
67061
67062
67063
67064
67065
67066
67067
67068
67069
67070
67071
67072
67073
67074
22036
22037
22039
22040
22042
22043
9756
22045
9757
22046
9759
22048
9760
22049
9762
22051
9763
22052
9765
144934
22054
9766
144935
22055
9768
144937
22057
9769
144938
22058
9771
22060
9772
22061
9774
22063
9775
22064
9777
22066
9778
22067
9780
22069
9781
22070
9783
22072
9784
22073
9786
22075
9787
22076
9789
22078
9790
22079
9792
22081
9793
22082
9795
22084
9796
22085
9798
22087
9799
22088
56905
34377
9801
34378
22090
9802
22091
56908
34380
9804
34381
9805
56911
34383
9807
34384
9808
56914
34386
9810
34387
9811
56917
34389
34390
56920
34392
34393
56923
34395
34396
56926
34398
34399
56929
34401
34402
56932
34404
34405
56935
34407
34408
56938
34410
34411
56941
34413
34414
56944
34416
34417
34419
34420
34422
34423
34425
34426
34428
145033
145035
145036
22179
22180
22182
22183
22185
22186
9899
22188
9900
22189
9902
22191
9903
22192
9905
22194
9906
22195
9908
22197
9909
22198
9911
22200
9912
22201
9914
22203
9915
22204
9917
22206
9918
22207
9920
22209
9921
22210
9923
22212
9924
22213
9926
22215
9927
57032
22216
57033
9929
22218
9930
57035
22219
57036
9932
22221
9933
57038
22222
57039
9935
22224
9936
57041
22225
57042
9938
22227
9939
57044
22228
57045
9941
22230
9942
57047
22231
57048
9944
9945
57050
22234
57051
9947
9948
57053
57054
9950
145119
9951
145120
57056
57057
9953
9954
57059
57060
57062
57063
57065
57066
57068
57069
57071
57072
57074
57075
57077
57078
57080
57081
57084
22322
22323
145204
145205
22325
22326
22328
22329
10042
22331
10043
22332
10045
22334
10046
22335
10048
22337
10049
22338
10051
22340
10052
22341
57158
10054
57159
22343
10055
22344
57161
10057
57162
22346
10058
22347
57164
10060
57165
22349
10061
22350
57167
10063
57168
22352
10064
22353
57170
10066
57171
22355
10067
22356
57173
10069
57174
22358
10070
22359
57176
10072
57177
22361
10073
22362
57179
10075
57180
22364
10076
22365
57182
10078
57183
22367
10079
22368
57185
10081
57186
22370
10082
22371
57188
10084
57189
22373
10085
22374
57191
10087
57192
10088
57194
10090
57195
10091
57197
10093
57198
10094
57200
10096
57201
57203
57204
57206
57207
57210
145288
57282
57283
24515
57285
57286
57288
57289
57291
57292
57294
57295
57297
57298
57300
57301
57303
57304
57306
57307
57309
57310
57312
57313
57315
57316
57318
57319
57321
57322
57324
57325
57327
57328
57330
57331
57334
)


// ************************************************************************* //
