/*--------------------------------*- C++ -*----------------------------------*\
| =========                 |                                                 |
| \\      /  F ield         | OpenFOAM: The Open Source CFD Toolbox           |
|  \\    /   O peration     | Version:                                        |
|   \\  /    A nd           | Website:  www.openfoam.com                      |
|    \\/     M anipulation  |                                                 |
\*---------------------------------------------------------------------------*/
FoamFile
{
    version     2.0;
    format      ascii;
    class       cellSet;
    location    "constant/polyMesh/sets";
    object      highAspectRatioCells;
}
// * * * * * * * * * * * * * * * * * * * * * * * * * * * * * * * * * * * * * //


264
(
5124
5125
74762
31757
31758
68627
19478
63530
63531
63532
63533
5179
5180
31816
63587
63588
63589
5236
35965
35966
35967
35968
15511
15512
15513
63646
63647
161
58530
162
36022
36023
36024
68793
68794
68795
68796
15567
15568
216
63706
63707
92384
49384
49385
49386
49387
36080
68850
68851
68852
98564
15624
15625
86287
63768
49441
49442
49443
1320
1321
36139
68909
68910
15683
58696
58697
58698
58699
49499
49500
1375
104807
68969
68970
58753
58754
58755
80261
92551
92552
92553
92554
6544
6545
6546
49559
69031
98731
98732
98733
98734
40366
98735
40367
40368
40369
86453
86454
86455
86456
58812
58813
92608
92609
92610
6600
6601
2527
2528
98789
98790
98791
40423
40424
40425
86510
86511
86512
58872
92667
92668
92669
6657
104974
104975
104976
104977
104978
2582
98848
98849
40481
98850
40482
86569
86570
9770
86571
80427
9771
80428
9772
80429
80430
58933
92728
92729
105032
105033
105034
2638
98909
40541
98910
9826
9827
80484
80485
86630
80486
86631
92790
74358
105091
105092
105093
98971
9883
98972
80543
80544
80545
86692
105152
105153
3788
3789
9941
80604
80605
12003
12004
12005
53998
53999
54000
54001
23284
23285
23286
105214
105215
3843
3844
27407
27408
27409
80666
12059
74524
12060
74525
74526
74527
44834
44835
44836
44837
54055
54056
54057
23340
23341
23342
3900
27463
27464
27465
12116
74581
12117
74582
74583
44891
44892
44893
54114
54115
23398
23399
19305
19306
19307
27521
27522
63364
8074
8075
8076
12175
74640
74641
44949
44950
31643
31644
31645
54174
23457
19361
19362
19363
8130
8131
74700
74701
45009
31699
31700
31701
19419
19420
8187
)


// ************************************************************************* //
