/*--------------------------------*- C++ -*----------------------------------*\
| =========                 |                                                 |
| \\      /  F ield         | OpenFOAM: The Open Source CFD Toolbox           |
|  \\    /   O peration     | Version:                                        |
|   \\  /    A nd           | Website:  www.openfoam.com                      |
|    \\/     M anipulation  |                                                 |
\*---------------------------------------------------------------------------*/
FoamFile
{
    version     2.0;
    format      ascii;
    class       faceSet;
    location    "constant/polyMesh/sets";
    object      nonOrthoFaces;
}
// * * * * * * * * * * * * * * * * * * * * * * * * * * * * * * * * * * * * * //


3231
(
45066
315406
315408
315410
315412
315414
315416
315418
315420
315422
315424
315426
315428
315430
344103
344104
315432
344105
344106
315434
315436
315438
299070
299071
299073
299074
299076
299077
299079
299080
299082
299083
299085
299086
299088
299089
299091
299092
299094
299095
299097
299098
299100
299101
299103
299104
299106
299107
180323
299109
299110
180327
299112
299113
180330
299115
299116
180333
299118
299119
180336
299122
180339
180342
180345
139390
139391
139393
139394
139396
139397
139399
139400
139402
139403
139405
139406
139408
139409
139411
139412
139414
139415
139417
139418
139420
139421
139423
139424
139426
139427
139429
139430
139432
139433
139435
139436
139438
139439
139441
139442
139444
139445
139447
139448
299234
299235
299237
299238
299240
299241
299243
299244
299246
299247
299249
299250
299252
299253
299255
299256
299258
299259
299261
299262
299264
299265
299267
299268
299270
180486
299271
180487
299273
180489
299274
180490
299276
180492
299277
180493
299279
180495
299280
180496
299282
180498
299283
180499
180501
299286
180502
180504
180505
180507
139547
180508
139548
180510
139550
180511
139551
180513
139553
180514
139554
180516
139556
180517
139557
180519
139559
180520
139560
180522
139562
180523
139563
180525
139565
180526
139566
180528
139568
180529
139569
180531
139571
180532
139572
180534
139574
180535
139575
180537
139577
180538
139578
180540
139580
180541
139581
139583
180544
139584
139586
139587
139589
139590
139592
139593
139595
139596
139598
139599
139601
139602
139604
139605
299397
299398
299400
299401
299403
299404
299406
299407
299409
299410
299412
299413
299415
299416
299418
299419
299421
299422
299424
299425
299427
299428
299430
180646
299431
180647
299433
180649
299434
180650
299436
180652
299437
180653
299439
180655
299440
180656
299442
180658
299443
180659
299445
180661
299446
180662
139702
139703
180664
299449
180665
139705
139706
180667
180668
139708
139709
180670
180671
139711
139712
180673
180674
139714
139715
180676
180677
139717
139718
180679
180680
139720
139721
180682
180683
139723
139724
180685
180686
139726
139727
180688
180689
139729
139730
180691
180692
139732
139733
180694
180695
139735
139736
180697
180698
139738
139739
180700
180701
139741
139742
180704
139744
139745
139747
139748
139750
139751
139753
139754
139756
139757
139759
139760
262687
262688
262690
262691
262693
299558
262694
262696
299561
262697
262699
299564
262700
291373
291374
262702
299567
262703
291376
291377
262705
299570
262706
291379
262708
299573
291381
262709
291382
262711
299576
291384
262712
291385
262714
299579
291387
262715
291389
262717
299582
291390
262718
291392
262720
299585
291393
262721
291395
262723
299588
262724
180804
291397
180805
262726
299591
262727
180807
291400
180808
262729
299594
262730
180810
180811
262732
299597
262733
180813
180814
262735
299600
262736
180816
139856
180817
262738
299603
262739
180819
139859
180820
299606
180822
139862
180823
299609
180825
139865
180826
180828
139868
180829
180831
139871
180832
180834
139874
180835
180837
139877
180838
180840
139880
180841
180843
139883
180844
180846
139886
180847
180849
139889
180850
180852
139892
180853
180855
139895
180856
180858
139898
180859
139901
180862
139904
139907
139910
139913
262851
262852
262854
262855
262857
262858
262860
262861
262863
262864
262866
262867
262869
262870
262872
262873
262875
262876
262878
262879
262881
180961
262882
262884
180964
262885
262887
180967
262888
262890
180970
262891
262893
180973
262894
262896
180976
262897
262899
180979
262900
262902
180982
262903
180985
180988
180991
180994
180997
181000
181003
181006
181009
181012
181015
131877
41766
131879
131881
131882
41770
131884
41773
131886
131887
41776
131889
41779
41782
41785
41788
41791
41794
41797
41800
41803
41806
41809
41812
263014
263015
263017
263018
263020
263021
263023
263024
263026
263027
263029
263030
263032
263033
263035
263036
263038
263039
263041
263042
263044
263045
172934
263047
172935
263048
172937
263050
263051
172939
172940
263053
263054
172942
263056
172944
263057
172945
263059
172947
263060
172949
263062
172950
263063
172952
263065
263066
41900
41901
41903
41904
41906
41907
41909
41910
41912
41913
41915
41916
41918
41919
41921
41922
41924
41925
41927
41928
41930
41931
41933
41934
41936
41937
41939
41940
41942
41943
41945
41946
41948
41949
41951
41952
41954
41955
41957
41958
41960
41961
41963
41964
41967
263175
263178
263181
263184
263187
263190
263193
263196
263199
263202
263205
263208
255018
263211
255019
255021
263214
255023
255024
263217
42033
255026
42034
255027
263220
42036
255029
42037
263223
255031
42039
255032
42040
263226
255034
42042
255035
42043
255037
42045
42046
255039
42048
42049
255042
42051
42052
42054
42055
42057
42058
42060
42061
42063
42064
42066
42067
42069
42070
42072
42073
42075
42076
42078
42079
42081
42082
42084
42085
42087
42088
42090
42091
42093
42094
42096
42097
42100
152718
152722
152725
152728
152731
152734
152737
152740
152743
152746
42163
42164
42166
42167
42169
42170
42172
42173
42175
42176
42178
42179
42181
42182
42184
42185
42187
42188
42190
42191
42193
42194
42196
42197
42199
42200
42202
42203
42205
42206
42208
42209
42211
42212
42214
42215
42217
42218
42220
42221
42223
42224
42226
42227
42229
42230
152878
152879
152881
152882
42291
152884
152885
42294
152887
42295
152888
42297
152890
42298
152891
42300
152893
42301
152894
42303
152896
42304
152897
42306
152899
42307
152900
42309
152902
42310
152903
42312
152905
42313
152906
42315
152908
42316
152909
42318
152911
42319
152912
42321
152914
152915
42324
152917
152918
42327
152920
152921
42330
152923
152924
42333
152926
152927
42336
152929
152930
42339
152932
152933
42342
152935
152936
42345
42348
42351
42354
42357
153036
153037
153039
153040
153042
153043
210388
210389
153045
153046
210391
210392
153048
153049
210394
210395
153051
153052
210397
87517
210398
153054
153055
210400
210401
153057
87521
153058
210403
210404
153060
87524
153061
210406
210407
153063
87527
153064
210409
210410
153066
87530
153067
210412
210413
153069
87533
153070
210415
210416
153072
87536
153073
210418
210419
153075
87539
153076
210421
210422
153078
87542
153079
210424
210425
153081
87545
153082
210427
210428
153084
87548
153085
210430
210431
153087
87551
153088
210433
210434
153090
87554
153091
210436
210437
153093
87557
153094
210439
210440
210442
210443
75288
75292
75295
75298
75301
75304
75307
75310
75313
75316
75319
75322
75325
75328
153193
153194
153196
153197
153199
153200
153202
153203
210549
153205
87669
210550
153206
87670
210552
153208
87672
210553
153209
87673
210555
153211
87675
210556
153212
87676
210558
153214
87678
210559
153215
87679
210561
153217
87681
210562
153218
87682
210564
153220
87684
210565
153221
87685
210567
153223
87687
210568
153224
87688
210570
153226
87690
210571
153227
87691
210573
153229
87693
210574
153230
87694
210576
153232
87696
210577
153233
87697
210579
153235
87699
210580
153236
87700
210582
153238
87702
210583
153239
87703
210585
153241
87705
210586
153242
87706
210588
153244
87708
210589
153245
87709
210591
153247
87711
210592
153248
87712
210594
153250
87714
210595
153251
87715
210597
87717
210598
87718
210600
87720
210601
87721
210603
87723
210604
87724
75437
87726
75438
87727
75440
87729
75441
87730
75443
75444
87733
75446
75447
75449
75450
75452
75453
75455
75456
75458
75459
75461
75462
75464
75465
75467
75468
75470
75471
75473
75474
75476
75477
75479
75480
75482
75483
75485
75486
75488
75489
75491
75492
75494
75495
75497
75498
75501
153348
100100
153351
100104
153354
100107
87820
153357
87821
100110
87823
153360
87824
100113
87826
153363
87827
100116
210709
87829
210710
153366
87830
100119
210712
87832
210713
153369
87833
100122
210715
87835
210716
153372
87836
100125
210718
87838
210719
153375
87839
100128
210721
87841
210722
153378
87842
100131
210724
87844
210725
153381
87845
100134
210727
87847
210728
153384
87848
100137
210730
87850
210731
153387
87851
210733
87853
210734
153390
87854
210736
87856
210737
153393
87857
210739
87859
210740
153396
87860
210742
87862
210743
153399
87863
210745
87865
210746
153402
87866
210748
87868
210749
153405
87869
210751
87871
210752
87872
75585
210754
87874
75586
210755
87875
75588
210757
87877
75589
210758
87878
75591
210760
87880
75592
210761
87881
75594
210763
75595
210764
87884
75597
75598
75600
75601
75603
75604
75606
75607
75609
75610
75612
75613
75615
75616
75618
75619
75621
75622
75624
75625
75627
75628
75630
75631
75633
75634
75636
75637
75639
75640
75642
75643
75645
75646
75649
100254
100255
87968
100257
87969
100258
87971
100260
87972
100261
87974
100263
87975
100264
87977
100266
87978
100267
87980
100269
87981
100270
87983
100272
87984
100273
87986
210867
100275
87987
100276
87989
210870
100278
87990
100279
87992
210873
100281
87993
100282
87995
210876
100284
87996
100285
87998
210879
100287
87999
100288
88001
210882
100290
88002
100291
88004
210885
100293
88005
100294
145351
88007
210888
100296
88008
145353
100297
145354
88010
210891
100299
88011
145356
100300
88013
210894
145358
100302
88014
145359
100303
88016
210897
145361
100305
88017
100306
75730
145363
88019
75731
210900
145364
100308
88020
100309
75733
145366
88022
75734
210903
100311
88023
100312
75736
88025
75737
210906
100314
88026
100315
75739
88028
75740
210909
88029
75742
75743
210912
88032
75745
75746
210915
75748
75749
210918
75751
75752
210921
75754
75755
75757
75758
75760
75761
63473
75763
75764
63477
75766
75767
63480
75769
75770
202747
63483
202748
75772
75773
202750
63486
75775
202752
75776
202753
63489
75778
202755
75779
63492
202757
75781
202758
75782
63495
202760
75784
75785
202762
63498
75787
75788
202765
63501
75790
75791
202768
63504
75794
63507
63510
227353
63513
227354
227356
63516
227357
227359
227360
227362
227363
227365
227366
227368
227369
227371
227372
227374
227375
227377
227378
88114
227380
227381
88117
100406
227383
100407
227384
88120
100409
227386
100410
227387
88123
100412
227389
100413
227390
88126
100415
227392
100416
227393
88129
100418
227395
100419
227396
88132
100421
227398
100422
227399
88135
100424
227401
100425
227402
88138
100427
227404
100428
227405
88141
100430
100431
227408
88144
100433
100434
88147
100436
100437
88150
100439
100440
88153
100442
100443
88156
100445
100446
88159
100448
100449
75873
88162
100451
100452
75876
88165
100454
100455
75879
88168
100457
100458
75882
88171
194668
100460
100461
75885
88174
194671
100463
100464
75888
194674
100466
100467
75891
194677
75894
194680
75897
75900
75903
75906
63618
63619
75909
63621
63622
75912
63624
63625
75915
63627
63628
75918
63630
63631
75921
63633
63634
75924
63636
63637
75927
63639
63640
75930
63642
63643
75933
63645
63646
75936
63648
63649
63651
63652
63654
63655
63657
63658
63660
63661
280751
63663
280752
63664
280754
63666
280755
63667
280757
63669
280758
63670
280760
63672
280761
63673
280763
63675
280764
227516
63676
227517
280766
63678
280767
227519
63679
227520
280769
63681
280770
227522
63682
227523
280772
280773
227525
227526
280775
280776
227528
227529
280778
280779
227531
227532
280781
100557
280782
227534
100558
227535
280784
100560
280785
227537
100561
227538
280787
100563
280788
227540
100564
227541
280790
100566
280791
227543
100567
227544
280793
100569
280794
227546
100570
227547
280796
100572
280797
227549
100573
227550
280799
100575
280800
227552
100576
227553
280802
100578
280803
227555
100579
227556
100581
227558
100582
227559
100584
227561
100585
227562
100587
227564
100588
227565
100590
227567
100591
227568
100593
100594
227571
100596
100597
100599
100600
100602
100603
100605
100606
100608
100609
100611
100612
100614
100615
194824
194825
100617
100618
194827
194828
194830
194831
194833
63761
194834
63762
194836
63764
194837
63765
194839
63767
194840
63768
194842
63770
194843
63771
342301
194845
63773
342302
194846
63774
194848
63776
194849
63777
194851
112931
63779
194852
63780
194854
63782
194855
112935
63783
194857
63785
194858
112938
63786
194860
63788
194861
112941
63789
194863
63791
194864
112944
63792
194866
63794
194867
112947
63795
194869
63797
194870
112950
63798
194872
63800
194873
112953
63801
194875
63803
194876
112956
63804
194878
63806
194879
112959
63807
63809
112962
63810
63812
112965
63813
63815
63816
63818
63819
63821
63822
63824
63825
280915
342356
280916
342358
280918
280919
280921
280922
280924
280925
227677
227678
280927
280928
227680
227681
280930
100706
280931
227683
227684
280933
100709
280934
227686
227687
280936
100712
280937
227689
227690
280939
100715
280940
227692
227693
280942
100718
280943
227695
227696
280945
100721
280946
227698
227699
280948
100724
280949
227701
227702
280951
100727
280952
227704
227705
280954
100730
280955
227707
227708
280957
100733
280958
227710
227711
280960
100736
280961
227713
227714
280963
100739
80259
280964
227716
227717
80261
280966
100742
280967
227719
80263
227720
100745
227722
342411
227723
100748
342413
227725
342414
227726
100751
227728
227729
100754
227732
100757
100760
100763
100766
63903
63904
63906
63907
63909
63910
63912
194985
63913
194986
63915
194988
63916
194989
63918
194991
63919
194992
63921
194994
63922
194995
63924
194997
63925
194998
63927
195000
63928
195001
63930
195003
63931
195004
63933
195006
63934
195007
113088
63936
195009
113089
63937
195010
113091
63939
195012
113092
63940
195013
113094
63942
195015
113095
63943
195016
113097
63945
195018
113098
63946
195019
113100
63948
195021
113101
63949
195022
113103
63951
195024
113104
63952
195025
113106
63954
195027
113107
63955
342484
195028
342485
113109
63957
342486
195030
113110
63958
342487
195031
342488
113112
63960
195033
113113
63961
195034
113115
63963
195036
113116
63964
195037
113118
63966
195039
113119
63967
195040
113121
113122
113124
113125
113127
113128
113130
113131
113133
113134
113136
113137
113139
113140
281078
113142
281079
113143
281081
113145
281082
113146
281084
166396
113148
281085
227837
113149
68093
281087
68095
281088
227840
166400
281090
281091
227843
166403
281093
281094
227846
166406
281096
281097
227849
166409
281099
281100
227852
166412
281102
281103
227855
166415
281105
281106
227858
166418
281108
342549
281109
227861
166421
342551
281111
342552
281112
227864
342553
342554
281114
281115
227867
281117
281118
227870
281120
281121
227873
281123
281124
227876
281126
281127
227879
281129
281130
227882
64043
227885
64046
227888
64049
64052
219702
219703
64055
219705
64058
219707
219708
64061
219710
219712
64064
219713
219715
64067
219716
219718
64070
219720
195145
64073
195146
219723
195148
64076
195149
195151
64079
195152
195154
64082
195155
195157
64085
195158
195160
64088
195161
342618
113242
342619
195163
113243
64091
342620
195164
342621
113245
195166
113246
64094
342623
195167
113248
195169
113249
64097
195170
113251
195172
113252
64100
309861
195173
309862
113254
195175
113255
64103
309864
195176
309865
113257
195178
113258
64106
309867
195179
113260
309869
195181
113261
309870
195182
113263
309872
195184
113264
309873
195185
113266
309875
195187
113267
195188
309877
113269
309878
195190
113270
195191
309880
113272
309881
195193
113273
195194
309883
113275
195196
113276
309885
195197
113278
195199
113279
309888
195200
92800
113281
113282
92802
113284
92804
113285
92805
113287
92807
113288
113290
113291
113293
113294
113296
113297
113299
113300
113302
281239
113303
281242
281245
166557
166558
281248
166560
342689
166561
342690
342691
281251
166563
342692
166564
342693
281254
166566
166567
281257
166569
166570
273067
281260
273068
166572
166573
273070
281263
273071
166575
166576
273073
281266
166578
273075
166579
273076
281269
166581
273078
166582
273079
281272
166584
273081
166585
281275
273083
166587
273084
166588
281278
273086
166590
273087
166591
281281
273089
166593
166594
273091
281284
166596
166597
273094
281287
166599
166600
281290
166602
166603
166605
166606
166608
166609
166611
166612
166615
195303
342760
342761
342762
195306
342764
342765
195309
195312
113394
195315
113395
113397
195318
113398
113400
195321
113401
113403
195324
113404
113406
195327
113407
113409
195330
113410
113412
195333
113413
113415
195336
113416
113418
195339
113419
113421
195342
113422
322319
322320
113424
322321
195345
113425
322322
322323
113427
322324
195348
113428
322325
322326
113430
322327
195351
113431
322328
322329
113433
322330
195354
113434
322331
322332
113436
322333
195357
113437
322334
113439
322336
113440
113442
113443
113445
113446
113448
113449
113451
113452
113454
113455
342833
342834
342836
342837
342838
166717
166718
187200
166720
187201
166721
187203
166723
166724
187205
187206
166726
166727
187208
166729
187210
166730
187211
166732
187213
166733
187215
166735
187216
166736
187218
166738
166739
166741
166742
166744
166745
166747
166748
166750
166751
166753
166754
166756
166757
166759
166760
166762
166763
166765
166766
166768
166769
166771
166772
166775
342913
342914
342915
342916
113545
113548
113551
113554
113557
113560
113563
113566
113569
113572
113575
113578
113581
113584
113587
113590
113593
113596
113599
113602
113605
342995
342996
342997
342998
166875
166876
166878
166879
166881
166882
166884
166885
166887
52199
166888
166890
166891
52203
166893
166894
52206
166896
56304
166897
52209
166899
166900
52212
166902
166903
52215
166905
166906
52218
166908
166909
52221
166911
166912
52224
166914
166915
52227
166917
166918
52230
166920
166921
52233
166923
166924
52236
166926
166927
52239
166929
166930
52242
166933
125984
125988
125991
125994
125997
126000
126003
343093
343094
126006
343095
343096
343097
126009
126012
126015
126018
244837
244838
244840
244841
244843
244844
244846
244847
244849
244850
244852
244853
52341
52342
244855
244856
167032
52344
52345
244858
244859
167035
52347
52348
244861
244862
167038
52350
52351
244864
244865
167041
52353
52354
244867
244868
167044
52356
52357
244870
105606
244871
167047
52359
105608
52360
244873
244874
167050
105610
52362
52363
244876
105612
244877
167053
105613
52365
52366
244879
105615
244880
167056
52368
52369
244882
244883
167059
52371
52372
343189
244885
343190
244886
167062
52374
343191
52375
343192
244888
244889
167065
52377
343194
52378
244892
167068
52380
52381
167071
52383
52384
167074
52386
52387
167077
52389
52390
167080
52392
52393
167083
52395
52396
167086
52398
52399
52401
52402
52404
52405
52408
126141
126142
126144
126145
126147
126148
126150
126151
126153
126154
126156
126157
126159
126160
126162
126163
126165
126166
126168
126169
126171
126172
126174
126175
126177
126178
126180
126181
126183
126184
126186
126187
126189
126190
126192
126193
126195
126196
126198
126199
126202
52480
52481
52483
52484
52486
52487
245000
245001
52489
52490
343307
245003
343308
245004
52492
343309
52493
343310
245006
343311
245007
52495
52496
245009
245010
52498
52499
245012
245013
52501
52502
245015
245016
52504
52505
245018
245019
52507
52508
245021
245022
52510
52511
245024
245025
52513
52514
245027
245028
52516
52517
245030
245031
52519
52520
245033
245034
52522
52523
245036
159020
245037
159021
52525
52526
245039
159023
245040
52528
159025
52529
245042
159026
245043
52531
159028
52532
245045
245046
159030
52534
159031
52535
245048
245049
159033
52537
52538
245051
159035
245052
159036
52540
52541
159038
245055
52543
52544
52547
126296
126297
126299
126300
126302
126303
126305
126306
126308
126309
126311
126312
126314
126315
126317
126318
126320
126321
126323
126324
126326
126327
126329
126330
126332
126333
126335
126336
126338
126339
343428
343429
126341
343430
126342
343432
126344
343433
126345
52617
52618
126347
126348
52620
52621
126350
126351
52623
52624
126353
126354
52626
52627
126357
52629
52630
52632
52633
52635
52636
52638
52639
52641
52642
52644
52645
52647
52648
245161
245162
52650
52651
245164
245165
52653
52654
245167
245168
52656
52657
245170
245171
52659
52660
245173
245174
52662
52663
245176
245177
52665
52666
245179
245180
52668
52669
245182
245183
52671
52672
245185
245186
52674
52675
245188
245189
52677
52678
245191
245192
52680
52681
245194
245195
52684
245197
245198
245200
245201
245203
245204
245206
245207
245209
245210
245212
245213
245216
126450
126451
126453
126454
126456
126457
126459
126460
126462
126463
126465
126466
343555
343556
126468
126469
343558
343559
126471
343560
126472
126474
126475
126477
126478
126480
126481
52753
126483
126484
52756
126486
126487
52759
126489
126490
52762
126492
126493
52765
126495
126496
52768
126498
126499
52771
126501
126502
52774
126504
126505
52777
126507
126508
52780
126511
52783
52786
52789
52792
52795
52798
52801
52804
52807
245321
52810
245324
52813
245327
52816
245330
245333
245336
245339
245342
245345
245348
245351
245354
245357
245360
245363
245366
245369
237177
237178
245372
237180
237182
237183
237185
237187
237188
237190
237191
237193
126602
237195
343693
126605
343694
237198
343695
343696
126608
126611
126614
126617
126620
126623
126626
126629
126632
126635
126638
126641
126644
126647
126650
126653
126656
126659
315079
315080
315081
315082
315083
315084
315085
315086
315087
315088
315089
315090
315091
315092
315093
315094
315095
315096
315097
315098
315099
315100
315101
315102
315103
315104
315105
315106
315107
315108
315109
315110
315111
315112
315114
343833
343834
343835
343836
315189
315190
315191
315192
315193
315194
315195
315196
315197
315198
315199
315200
315201
315202
315203
315204
315205
315206
315207
315208
315209
315210
315211
315212
315213
315214
315215
315216
315217
315218
315219
315220
315221
315222
315224
118639
118641
118643
118644
118646
118648
118649
118651
315298
315299
315300
343973
315301
343974
315302
343975
315303
343976
315304
315305
315306
315307
315308
315309
315310
315311
315312
315313
315314
315315
315316
315317
315318
315319
315320
315321
315322
315323
315324
315325
315326
315327
315328
315329
315330
315331
315333
139230
139234
139237
139240
139243
139246
139249
139252
139255
139258
139261
)


// ************************************************************************* //
