/*--------------------------------*- C++ -*----------------------------------*\
| =========                 |                                                 |
| \\      /  F ield         | OpenFOAM: The Open Source CFD Toolbox           |
|  \\    /   O peration     | Version:                                        |
|   \\  /    A nd           | Website:  www.openfoam.com                      |
|    \\/     M anipulation  |                                                 |
\*---------------------------------------------------------------------------*/
FoamFile
{
    version     2.0;
    format      ascii;
    class       faceSet;
    location    "constant/polyMesh/sets";
    object      nonOrthoFaces;
}
// * * * * * * * * * * * * * * * * * * * * * * * * * * * * * * * * * * * * * //


954
(
47104
47105
47107
47108
47110
47111
47113
47114
47116
47117
2109
2112
149569
149570
2115
2118
2121
2124
2127
2130
2133
2136
2139
47198
2142
47199
47201
2145
47202
47204
2148
47205
47207
2151
47208
47210
2154
47211
47213
47214
47216
47217
47219
47220
47222
47223
47225
47226
47228
47229
47231
47232
47234
47235
47237
47238
47240
47243
47246
47249
149654
149655
2245
2246
2248
2249
2251
2252
2254
2255
2257
2258
2260
2261
2263
2264
2266
2267
2269
2270
2272
2273
2275
2276
2278
2279
2281
149738
2282
2284
2285
2287
2288
2290
2291
2293
2294
2297
24841
24844
24847
24850
24853
24856
24859
24862
24865
24868
24871
24874
24877
24880
24883
2382
2383
2385
2386
2388
2389
2391
2392
2394
2395
2397
2398
2400
2401
2403
2404
2406
2407
2409
2410
2412
2413
2415
2416
2418
2419
2421
2422
2424
2425
2427
2428
2430
2431
2433
2434
2437
24977
24978
24980
24981
24983
24984
24986
24987
24989
24990
24992
24993
24995
24996
24998
24999
25001
25002
25004
25005
25007
25008
25010
25011
25013
25014
25016
25017
25019
25020
25022
25023
25025
25026
25029
2522
2523
2525
2526
2528
2529
2531
2532
2534
2535
2537
2538
2540
2541
2543
2544
2546
2547
2549
2550
2552
2553
2555
2556
2558
2559
2561
2562
2564
2565
2567
2568
2570
2571
2573
2574
2576
2577
2580
25117
25118
25120
25121
25123
25124
25126
25127
25129
25130
25132
25133
25135
25136
25138
25139
25141
25142
25144
25145
25147
25148
25150
25151
25153
25154
25156
25157
25159
25160
25162
25163
25165
25166
25168
25169
25172
2665
2666
2668
2669
2671
2672
2674
2675
2677
2678
2680
2681
2683
2684
2686
2687
2689
2690
2692
2693
2695
2696
2698
2699
2701
2702
2704
2705
2707
2708
2710
2711
2713
2716
2719
25260
25261
25263
25264
25266
25267
25269
25270
25272
25273
25275
25276
25278
25279
25281
25282
25284
25285
25287
25288
25290
25291
25293
25294
25296
25297
25299
25300
25302
25303
25305
25306
25308
25309
25311
25312
25315
25403
25404
25406
25407
25409
25410
25412
25413
25415
25416
25418
25419
25421
25422
25424
25425
25427
25428
25430
25431
25433
25434
25436
25437
25439
25440
25442
25443
25445
25446
25448
25451
25454
35979
35982
35985
35988
35991
35994
35997
36000
36003
36006
36009
36012
36015
36018
36021
36024
13541
13544
13547
13550
13553
13556
13559
13562
13565
13568
13571
13574
13577
13580
13583
13586
36118
36119
36121
36122
36124
36125
36127
36128
36130
36131
36133
36134
36136
36137
36139
36140
36142
36143
36145
36146
56628
36148
36149
56630
36151
56632
36152
56634
36154
36155
56636
36157
56638
36158
56640
36160
36161
56642
36163
56644
36164
56646
36166
36167
56648
56650
56652
56654
56656
13677
13678
13680
13681
13683
13684
13686
13687
13689
13690
13692
13693
13695
13696
56705
56706
13698
56707
13699
56708
56709
13701
56710
13702
56711
56712
13704
56713
13705
56714
56715
13707
56716
13708
56717
56718
13710
56719
13711
56720
56721
13713
56722
13714
56723
56724
13716
56725
13717
56726
56727
13719
56728
13720
56729
56730
13722
56731
13723
56732
56733
13725
56734
13726
56735
56736
56737
56738
36258
36259
56740
36261
36262
36264
36265
36267
36268
36270
36271
36273
36274
36276
36277
36279
36280
36282
36283
36285
36286
36288
36289
36291
36292
36294
36295
36297
36298
36300
36301
36303
36304
36306
36307
56788
56789
36309
56790
36310
56791
56792
56793
56794
56795
56796
56797
56798
56799
56800
56801
56802
56803
56804
56805
56806
56807
56808
56809
56810
56811
56812
56813
56814
56815
56816
56817
56818
56819
56820
56821
13814
56823
13815
13817
13818
13820
13821
13823
13824
13826
13827
13829
13830
13832
13833
13835
13836
13838
13839
13841
13842
13844
13845
13847
13848
13850
13851
13853
13854
13856
13857
13859
13860
13862
13863
13865
56874
13866
56875
56876
56877
56878
56879
56880
56881
36401
56882
36402
56883
56884
36404
56885
36405
56886
56887
36407
56888
36408
56889
56890
36410
56891
36411
56892
56893
36413
56894
36414
56895
56896
36416
56897
36417
56898
56899
36419
56900
36420
56901
56902
36422
56903
36423
56904
56905
36425
56906
36426
56907
36428
56909
36429
36431
36432
36434
36435
36437
36438
46679
36440
36441
46682
36443
36444
46685
36446
36447
46688
36449
36450
46691
36452
36453
46694
36456
46697
46700
46703
46706
46709
46712
46715
46718
46721
56962
13954
56963
13955
56964
56965
13957
56966
13958
56967
56968
13960
56969
13961
56970
56971
13963
56972
13964
56973
56974
13966
56975
13967
56976
56977
13969
56978
13970
56979
56980
13972
56981
13973
56982
56983
13975
56984
13976
56985
56986
13978
56987
13979
56988
56989
13981
56990
13982
56992
13984
13985
56994
13987
13988
13990
13991
13993
13994
13996
13997
13999
14000
14002
14003
14005
14006
14008
14009
36544
36545
36547
36548
36550
36551
36553
36554
36556
36557
36559
36560
36562
36563
46805
36565
46806
36566
46808
36568
46809
36569
46811
36571
46812
36572
46814
36574
46815
36575
46817
36577
46818
36578
46820
36580
46821
36581
46823
36583
46824
36584
46826
36586
46827
36587
46829
36589
46830
46832
36592
46833
46835
36595
46836
46838
46839
46841
46842
46844
46845
46847
46848
46850
46851
46853
46854
14097
14098
14100
14101
14103
14104
14106
14107
14109
14110
14112
14113
14115
14116
14118
14119
14121
14122
14124
14125
14127
14128
149298
14130
149299
14131
149300
149301
14133
14134
14136
14137
14139
14140
14142
14143
14145
14148
14151
46933
46934
46936
46937
46939
46940
46942
46943
46945
46946
46948
46949
46951
46952
46954
46955
46957
46958
46960
46961
46963
46964
46966
46967
46969
46970
46972
46973
46975
46976
46978
46979
46981
46982
149384
46984
149385
46985
149387
149388
47065
47066
47068
47069
47071
47072
47074
47075
47077
47078
47080
47081
149483
47083
47084
149485
149486
47086
47087
47089
47090
47092
47093
47095
47096
47098
47099
47101
47102
)


// ************************************************************************* //
