/*--------------------------------*- C++ -*----------------------------------*\
| =========                 |                                                 |
| \\      /  F ield         | OpenFOAM: The Open Source CFD Toolbox           |
|  \\    /   O peration     | Version:                                        |
|   \\  /    A nd           | Website:  www.openfoam.com                      |
|    \\/     M anipulation  |                                                 |
\*---------------------------------------------------------------------------*/
FoamFile
{
    version     2.0;
    format      ascii;
    class       faceSet;
    location    "constant/polyMesh/sets";
    object      nonOrthoFaces;
}
// * * * * * * * * * * * * * * * * * * * * * * * * * * * * * * * * * * * * * //


1623
(
4096
4097
4099
4100
4102
4103
4105
4106
4108
4109
4111
4112
4114
4115
4117
4118
4120
4121
4123
4124
4126
4127
4129
4130
4132
4133
4135
4136
4138
4139
4141
4142
4144
4145
4147
4148
4150
4151
4153
114746
4154
4156
114749
4157
114752
114755
114758
114761
114764
114767
114770
114773
114776
114779
114782
114785
114788
114791
131218
131220
131222
131224
131226
131228
131230
131232
131234
131236
131238
131240
131242
131244
131246
4272
4273
4275
4276
4278
4279
4281
4282
4284
4285
4287
4288
4290
4291
4293
4294
4296
4297
4299
4300
4302
4303
4305
4306
4308
4309
4311
4312
4314
4315
4317
4318
4320
4321
4323
114916
4324
114917
4326
114919
114920
4329
114922
114923
4332
114925
114926
4335
114928
114929
4338
114931
114932
4341
114934
114935
4344
114937
114938
4347
114940
114941
131326
131327
114943
131328
114944
131329
131330
114946
131331
114947
131332
131333
114949
131334
114950
131335
131336
114952
131337
114953
131338
131339
114955
131340
114956
131341
131342
114958
131343
114959
131344
131345
114961
131346
114962
131347
131348
114964
131349
114965
131350
131351
114967
131352
114968
131353
131354
114970
131355
114971
131356
131357
114973
131358
114974
131359
131360
114976
131361
114977
131362
131363
114979
131364
114980
131365
131366
131367
114983
131368
131369
131370
131371
131439
131440
131441
131442
131443
131444
131445
131446
131447
131448
131449
131450
131451
131452
131453
131454
131455
131456
131457
131458
131459
131460
131461
131462
131463
131464
131465
131466
131467
131468
131469
131470
131471
131472
115088
131473
115089
131474
131475
115091
131476
115092
131477
131478
115094
131479
115095
131480
131481
115097
131482
115098
131483
131484
115100
115101
115103
115104
115106
115107
115109
115110
115112
115113
115115
115116
115118
115119
115121
115122
115124
115125
115127
115128
115130
115131
115133
115134
115136
115137
115139
115140
115142
115143
115145
115146
115148
115149
115151
115152
115154
115155
115158
131555
131556
131557
131558
131559
131560
131561
131562
131563
131564
131565
131566
131567
131568
131569
131570
131571
131572
131573
131574
131575
131576
131577
131578
131579
131580
131581
131582
131583
131584
131585
131586
131587
131588
131589
131590
131591
131592
131593
131594
131595
131596
131597
131598
131599
131600
115264
115265
115267
115268
115270
115271
115273
115274
115276
115277
115279
115280
115282
115283
41556
115285
115286
41559
115288
115289
41562
115291
131676
115292
131677
41565
131678
115294
131679
115295
131680
41568
131681
115297
131682
115298
131683
41571
131684
115300
131685
115301
131686
41574
131687
115303
131688
115304
131689
41577
131690
115306
131691
115307
131692
41580
131693
115309
131694
115310
131695
41583
131696
115312
131697
115313
131698
41586
131699
115315
131700
115316
41589
131702
115318
115319
131704
41592
115321
131706
115322
41595
131708
115324
115325
131710
41598
115327
131712
115328
41601
131714
115330
115331
131716
41604
131718
115334
131720
115442
115443
115445
115446
115448
115449
115451
115452
115454
115455
115457
115458
115460
115461
115463
115464
115466
115467
41740
115469
41741
115470
41743
115472
41744
115473
41746
115475
41747
115476
41749
115478
41750
115479
41752
115481
41753
41755
115484
41756
41758
115487
41759
41761
115490
41762
41764
115493
41765
41767
115496
41768
41770
115499
41771
41773
115502
41774
41776
115505
41777
41779
115508
41780
41782
41783
41785
41786
41788
41789
41791
41792
41794
41795
41797
41798
41800
41801
41803
41804
41806
41807
41809
41810
41928
41929
41931
41932
41934
41935
41937
41938
41940
41941
41943
41944
41946
41947
41949
41950
41952
41953
41955
41956
41958
41959
41961
41962
41964
41965
41967
41968
41970
41971
41973
41974
41976
41977
41979
41980
41982
41983
41985
41986
41988
41989
41991
41992
41994
41995
41997
41998
78874
78877
78880
78883
78886
78889
78892
78895
78898
78901
78904
78907
78910
78913
78916
78919
78922
42116
42117
42119
42120
42122
42123
42125
42126
42128
42129
42131
42132
42134
42135
42137
42138
42140
42141
42143
42144
42146
42147
42149
42150
42152
42153
42155
42156
42158
42159
42161
42162
42164
42165
42167
42168
42170
42171
42173
42174
42176
42177
42179
42180
42182
42183
42185
42186
42188
42189
79061
79062
79064
79065
79067
79068
79070
79071
79073
79074
79076
79077
79079
79080
79082
79083
79085
79086
79088
79089
79091
79092
79094
79095
79097
79098
79100
79101
79103
79104
79106
79107
79109
79110
79112
79113
79115
79116
79118
79119
79121
79122
79124
79125
79127
79128
42307
42308
42310
42311
42313
42314
42316
42317
42319
42320
42322
42323
42325
42326
42328
42329
42331
42332
42334
42335
42337
42338
42340
42341
42343
42344
42346
42347
42349
42350
42352
42353
42355
42358
42361
42364
42367
42370
42373
42376
42379
79249
79250
79252
79253
79255
79256
79258
79259
79261
79262
79264
79265
79267
79268
79270
79271
79273
79274
79276
79277
79279
79280
79282
79283
79285
79286
79288
79289
79291
79292
79294
79295
79297
79298
79300
79301
79303
79304
79306
79307
79309
79310
79312
79313
79315
79316
79318
79319
79440
79441
79443
79444
79446
79447
79449
79450
79452
79453
79455
79456
79458
79459
79461
79462
79464
79465
79467
79468
79470
79471
79473
79474
79476
79477
79479
79480
79482
79483
79485
79486
79488
79489
79491
79492
79494
79495
79497
79498
79500
79501
79503
79504
79506
79507
79509
79510
79513
79631
79632
79634
79635
79637
79638
79640
79641
79643
79644
79646
79647
79649
79650
79652
79653
79655
79656
79658
79659
79661
79662
79664
79665
79667
79668
79670
79671
79673
79674
79676
79679
79682
79685
79688
79691
79694
79697
79700
22613
22616
22619
22622
22625
22628
22631
22634
22637
22640
22643
22646
22649
22652
22655
22658
22661
22664
342193
342194
342195
342196
22797
22798
22800
22801
22803
22804
22806
22807
342296
342297
22809
22810
342299
342300
22812
22813
22815
22816
22818
22819
22821
22822
22824
22825
22827
22828
22830
22831
22833
22834
22836
22837
22839
22840
22842
22843
22845
22846
22848
22849
22851
22852
22854
22855
22857
22858
22860
22861
22863
22864
22867
342401
342402
342403
342404
22982
22983
22985
22986
22988
22989
22991
22992
22994
22995
22997
22998
23000
23001
23003
23004
23006
23007
23009
23010
23012
23013
23015
23016
23018
23019
23021
23022
23024
23025
342514
23027
342516
23028
342517
23030
23031
23033
23034
23036
23037
23039
23040
23042
23043
23045
23046
23048
23049
23051
23052
23055
342632
342633
23170
23171
23173
23174
23176
23177
23179
23180
23182
23183
23185
23186
23188
23189
23191
23192
23194
23195
23197
23198
23200
23201
23203
23204
23206
23207
23209
23210
23212
23213
23215
23216
23218
23219
23221
23222
23224
23225
23227
23228
23230
23231
23233
23234
23236
23237
23239
23240
23242
23243
23246
342736
342737
342834
342835
23361
23362
23364
23365
23367
23368
23370
23371
23373
23374
23376
23377
23379
23380
23382
23383
23385
23386
23388
23389
23391
23392
23394
23395
23397
23398
23400
23401
23403
23404
23406
23407
23409
23410
23412
97143
23415
97146
23418
97149
23421
97152
23424
97155
23427
97158
23430
97161
23433
97164
97167
97170
342932
97173
97176
60314
97179
60317
97182
60320
97185
60323
97188
60326
97191
60329
60332
60335
60338
60341
60344
60347
60350
60353
60356
60359
60362
97330
97331
97333
97334
97336
97337
97339
97340
97342
97343
97345
97346
97348
97349
97351
97352
97354
97355
97357
97358
97360
97361
60498
97363
60499
97364
60501
97366
60502
97367
60504
97369
60505
97370
60507
97372
60508
97373
60510
97375
60511
97376
60513
97378
60514
97379
60516
97381
60517
97382
60519
97384
60520
97385
60522
97387
60523
97388
60525
97390
60526
97391
60528
97393
60529
97394
60531
97396
60532
97397
60534
60535
60537
60538
60540
60541
60543
60544
60546
60547
60549
60550
60552
60553
60555
60556
60558
60559
60561
60562
60564
60565
60568
97518
97519
97521
97522
97524
97525
97527
97528
97530
97531
97533
97534
97536
97537
97539
97540
97542
97543
97545
97546
97548
97549
60686
97551
60687
97552
60689
97554
60690
97555
60692
97557
60693
97558
60695
97560
60696
97561
60698
97563
60699
97564
60701
97566
60702
97567
60704
97569
60705
97570
60707
97572
60708
97573
60710
97575
60711
97576
60713
97578
60714
97579
60716
97581
60717
97582
60719
97584
60720
97585
60722
97587
60723
97588
60725
60726
60728
60729
60731
60732
60734
60735
60737
60738
60740
60741
60743
60744
60746
60747
60749
60750
60752
60753
60755
60756
60759
97709
97710
97712
97713
97715
97716
97718
97719
97721
97722
97724
97725
97727
97728
97730
97731
3524
97733
97734
3527
97736
97737
3530
97739
97740
60877
3533
97742
60878
97743
60880
3536
97745
60881
97746
60883
3539
97748
60884
97749
60886
3542
97751
60887
97752
60889
3545
97754
60890
97755
60892
3548
97757
60893
97758
60895
3551
97760
60896
97761
60898
3554
97763
60899
97764
60901
3557
97766
60902
97767
60904
3560
97769
60905
97770
60907
3563
97772
60908
97773
60910
3566
97775
60911
97776
60913
3569
97778
60914
97779
60916
3572
60917
60919
3575
60920
60922
3578
60923
60925
60926
60928
60929
60931
60932
60934
60935
60937
60938
60940
60941
60943
60944
60946
60947
60950
97900
97901
97903
97904
97906
97907
97909
97910
97912
97913
97915
97916
3708
3709
97918
97919
3711
3712
97921
97922
3714
3715
97924
97925
3717
3718
97927
97928
3720
3721
97930
97931
3723
61068
3724
97933
61069
97934
3726
61071
3727
97936
61072
97937
3729
61074
3730
97939
61075
97940
3732
61077
3733
97942
61078
3735
61080
3736
97945
61081
3738
61083
3739
97948
61084
3741
61086
3742
97951
61087
3744
61089
3745
97954
61090
3747
61092
3748
97957
61093
3750
61095
3751
97960
61096
3753
61098
3754
97963
61099
3756
61101
3757
97966
61102
3759
61104
3760
97969
61105
3762
61107
3763
61108
3765
61110
3766
61111
3768
61113
3769
61114
3771
61116
3772
3774
61119
3775
3777
61122
3778
61125
61128
61131
61134
61137
3893
3894
3896
3897
3899
3900
3902
3903
3905
3906
3908
3909
3911
3912
3914
3915
3917
3918
3920
3921
3923
3924
3926
3927
3929
3930
3932
3933
3935
3936
3938
3939
3941
3942
3944
3945
3947
3948
3950
3951
3953
3954
3956
3957
3959
3960
3962
3963
3965
3966
4081
4082
4084
4085
4087
4088
4090
4091
4093
4094
)


// ************************************************************************* //
