/*--------------------------------*- C++ -*----------------------------------*\
| =========                 |                                                 |
| \\      /  F ield         | OpenFOAM: The Open Source CFD Toolbox           |
|  \\    /   O peration     | Version:                                        |
|   \\  /    A nd           | Website:  www.openfoam.com                      |
|    \\/     M anipulation  |                                                 |
\*---------------------------------------------------------------------------*/
FoamFile
{
    version     2.0;
    format      ascii;
    class       faceSet;
    location    "constant/polyMesh/sets";
    object      nonOrthoFaces;
}
// * * * * * * * * * * * * * * * * * * * * * * * * * * * * * * * * * * * * * //


1858
(
159928
159929
159931
159932
159934
159935
159937
159938
159940
159941
159943
159944
159946
159947
159949
159950
159952
159953
159955
159956
159958
159959
159961
159962
159964
159965
159967
159968
159970
226
159971
159973
159974
230
159976
232
159977
233
159979
159980
159982
159983
159985
159986
159988
159989
159991
159992
159994
159995
159997
159998
160001
160119
160120
160122
160123
160125
160126
160128
160129
160131
160132
160134
160135
160137
160138
160140
160141
160143
160144
160146
160147
160149
160150
90518
90519
160152
160153
90521
90522
160155
160156
90524
90525
160158
160159
90527
90528
160161
160162
90530
90531
160164
160165
90533
90534
160167
160168
90536
90537
160170
160171
90539
90540
160173
160174
90542
90543
160176
160177
90545
90546
160179
160180
90548
90549
160182
160183
90551
90552
160185
160186
90554
90555
160188
160189
90557
90558
160192
90560
90561
90563
90564
90566
90567
90569
90570
90572
90573
90575
90576
90578
90579
90581
90582
90584
90585
90587
90588
90590
90591
90594
160310
160311
160313
160314
160316
160317
160319
160320
160322
160323
160325
160326
160328
160329
160331
160332
160334
160335
160337
160338
160340
160341
90709
90710
160343
160344
90712
90713
160346
160347
90715
90716
160349
160350
90718
90719
160352
160353
90721
90722
160355
160356
90724
90725
160358
160359
90727
90728
160361
160362
90730
90731
160364
160365
90733
90734
160367
160368
90736
90737
160370
160371
90739
90740
160373
160374
90742
90743
160376
160377
90745
90746
160379
160380
90748
90749
160383
90751
90752
90754
90755
90757
90758
90760
90761
90763
90764
90766
90767
90769
90770
90772
90773
90775
90776
90778
90779
90781
90782
90785
160501
160504
160507
160510
160513
160516
160519
160522
160525
160528
160531
90900
90901
160534
90903
90904
160537
90906
90907
160540
90909
90910
160543
90912
90913
160546
90915
90916
160549
90918
90919
160552
90921
90922
160555
90924
90925
160558
90927
90928
160561
90930
90931
160564
90933
90934
160567
90936
90937
160570
90939
90940
90942
90943
90945
90946
90948
90949
90951
90952
90954
90955
90957
90958
90960
90961
90963
90964
90966
90967
90969
90970
90972
90973
91091
91092
91094
91095
91097
91098
91100
91101
91103
91104
91106
91107
91109
91110
91112
91113
91115
91116
91118
91119
91121
91122
91124
91125
91127
91128
91130
91131
91133
91136
91139
91142
91145
95244
91148
91151
91154
91157
91160
91163
513289
513291
513292
513293
513294
66882
66883
66885
66886
66888
66889
66891
66892
66894
66895
66897
66898
66900
66901
66903
66904
66906
66907
66909
66910
66912
66913
66915
66916
66918
66919
66921
66922
66924
66925
66927
66928
66930
66931
66933
66934
513399
513400
66936
513401
66937
513402
66939
66940
66942
66943
66945
66946
66948
66949
66951
66952
66954
66955
66958
513503
513504
513505
513506
67073
67074
67076
67077
67079
67080
67082
67083
67085
67086
67088
67089
67091
67092
67094
67095
67097
67098
67100
67101
67103
67104
67106
67107
67109
67110
67112
67113
67115
67116
67118
67119
67121
67122
67124
67125
67127
67128
67130
67131
67133
67134
67136
67137
67139
67140
67142
67143
67145
513610
67146
513611
513613
67149
513614
513713
513714
513715
67264
67265
67267
67268
67270
67271
67273
67274
67276
67277
67279
67280
67282
67283
67285
67286
67288
67289
67291
67292
67294
67295
67297
67298
67300
67301
67303
67304
67306
67307
67309
67310
67312
67313
67315
67316
67318
67319
67321
67322
67324
67325
67327
67328
67330
67331
67333
67334
67336
67337
67340
513847
513848
67455
67456
67458
67459
67461
67462
67464
67465
67467
67468
67470
67471
67473
67474
67476
67477
67479
67480
67482
67483
67485
67486
67488
513953
67489
513954
67491
67492
67494
67495
137128
137129
67497
67498
137131
137132
67500
67501
137134
137135
67503
137137
137138
67506
137140
137141
67509
137143
137144
67512
137146
137147
67515
137149
137150
67518
137152
137153
67521
137155
137156
67524
137158
137159
67527
137161
137162
137164
137165
137167
137168
137170
137171
137173
137174
137176
137177
137179
137180
137182
137183
137185
137186
137188
137189
137191
137192
137194
137195
137197
137198
137201
514053
514054
43056
43057
43059
43060
43062
43063
43065
43066
43068
43069
43071
43072
43074
43075
43077
43078
43080
43081
43083
43084
43086
43087
43089
43090
182356
71764
43092
182357
43093
182359
71767
43095
182360
43096
71769
182362
71770
43098
182363
43099
182365
43101
182366
43102
182368
43104
182369
43105
182371
43107
182372
43108
182374
43110
182375
137319
43111
137320
182377
43113
182378
137322
43114
514155
137323
514156
182380
43116
182381
137325
43117
137326
182383
43119
182384
137328
43120
137329
182386
43122
182387
137331
43123
137332
182389
43125
182390
137334
43126
137335
182392
43128
182393
137337
43129
137338
182395
43131
182396
137340
43132
137341
182398
182399
137343
137344
182401
182402
137346
137347
182404
182405
137349
137350
182407
182408
137352
137353
182410
182411
137355
137356
182413
182414
137358
137359
182416
182417
137361
137362
182419
182420
137364
137365
182422
182423
137367
137368
182425
182426
137370
137371
137373
137374
137376
137377
137379
137380
137382
137383
137385
137386
137388
137389
137392
514253
514254
43247
43248
43250
43251
43253
43254
43256
43257
43259
43260
43262
43263
43265
43266
43268
43269
43271
43272
43274
43275
43277
43278
43280
43281
182547
43283
182548
43284
182550
43286
182551
43287
182553
43289
182554
43290
182556
43292
182557
43293
182559
43295
182560
43296
182562
43298
182563
43299
182565
43301
182566
137510
43302
137511
182568
43304
182569
137513
43305
137514
182571
43307
182572
137516
43308
137517
182574
43310
182575
137519
43311
137520
182577
43313
182578
137522
43314
137523
182580
43316
182581
137525
43317
137526
182583
43319
182584
137528
43320
137529
182586
43322
182587
137531
43323
137532
182589
182590
137534
137535
182592
182593
137537
137538
182595
182596
137540
137541
182598
182599
137543
137544
182601
182602
137546
137547
182604
182605
137549
137550
182607
182608
137552
137553
182610
182611
137555
137556
182613
182614
137558
137559
182616
182617
137561
137562
137564
137565
137567
137568
137570
137571
137573
137574
137576
137577
137579
137580
137583
43438
43439
43441
43442
43444
43445
43447
43448
43450
43451
43453
43454
43456
43457
43459
43460
43462
43463
43465
43466
43468
43469
43471
43472
182738
43474
182739
43475
182741
43477
182742
43478
182744
43480
182745
43481
182747
43483
182748
43484
182750
43486
182751
43487
182753
43489
182754
43490
182756
43492
182757
137701
43493
182759
43495
182760
137704
43496
182762
43498
182763
137707
43499
182765
43501
182766
137710
43502
182768
43504
182769
137713
43505
182771
43507
182772
137716
43508
182774
43510
182775
137719
43511
182777
43513
182778
137722
43514
182780
182781
137725
182783
182784
137728
182786
182787
137731
182789
182790
137734
182792
182793
137737
182795
182796
137740
182798
182799
137743
182801
182802
137746
182804
182805
137749
182807
182808
137752
137755
137758
137761
137764
137767
137770
19034
19035
19037
19038
19040
19041
19043
19044
19046
19047
19049
19050
19052
43629
19053
43630
19055
43632
19056
43633
19058
43635
19059
43636
19061
43638
19062
43639
19064
43641
19065
43642
19067
43644
19068
43645
19070
43647
19071
43648
19073
43650
19074
43651
19076
43653
19077
43654
19079
43656
19080
43657
19082
43659
19083
43660
19085
43662
19086
43663
19088
182929
43665
19089
43666
19091
182932
43668
19092
43669
19094
182935
43671
19095
43672
19097
182938
43674
19098
43675
19100
182941
43677
19101
43678
19103
182944
43680
19104
19106
182947
43683
19107
19109
182950
43686
19110
182953
43689
19113
182956
43692
182959
43695
182962
43698
182965
43701
182968
43704
182971
182974
182977
182980
182983
182986
182989
182992
182995
182998
223999
224000
224001
224002
224003
224004
224005
224006
224007
224008
224009
224010
224011
224012
224013
224014
224015
224016
224017
224018
224019
224020
224021
224022
224023
224024
224025
19225
224026
19226
224027
224028
19228
224029
19229
224030
224031
19231
224032
19232
224033
224034
19234
224035
19235
224036
224037
19237
224038
19238
224039
224040
19240
224041
19241
224042
224043
19243
224044
19244
224046
19246
19247
19249
19250
19252
19253
19255
19256
19258
19259
19261
19262
19264
19265
19267
19268
19270
19271
19273
19274
19276
19277
19279
19280
19282
19283
19285
19286
19288
19289
19291
19292
19294
19295
19297
19298
19300
19301
19304
224107
224108
224109
224110
224111
224112
224113
224114
224115
224116
224117
224118
224119
224120
224121
224122
224123
224124
224125
224126
224127
224128
224129
224130
224131
224132
224133
224134
224135
224136
224137
224138
224139
224140
224141
224142
224143
224144
224145
224146
224147
224148
224149
224150
224151
224152
224154
224211
224212
224213
224214
224215
224216
19416
224217
19417
224218
224219
19419
224220
19420
224221
224222
19422
224223
19423
224224
224225
19425
224226
19426
224227
224228
19428
224229
19429
224230
224231
19431
224232
19432
224233
224234
19434
224235
19435
224236
48108
224237
19437
224238
19438
224239
48111
224240
19440
224241
48113
19441
224242
48114
224243
19443
224244
19444
224245
224246
19446
224247
19447
224248
224249
19449
224250
19450
224251
224252
19452
224253
19453
224254
224255
19455
224256
19456
224258
19458
19459
19461
19462
19464
19465
19467
19468
19470
19471
19473
19474
19476
19477
19479
19480
19482
19483
19485
19486
19488
19489
19491
19492
224309
224311
224313
224315
224317
224319
224321
224323
224325
224327
224329
224331
224333
224335
224337
224339
224341
224343
224345
224347
224349
224351
224353
19607
19608
19610
19611
19613
19614
19616
19617
19619
19620
19622
19623
19625
19626
19628
19629
19631
19632
19634
19635
19637
19638
19640
19641
19643
19644
19646
19647
19649
19650
19652
19653
19655
19656
19658
19661
19664
19667
19670
19673
19676
19679
19682
113973
113974
113976
113977
113979
113980
113982
113983
113985
113986
113988
113989
113991
113992
113994
113995
113997
113998
114000
114001
114003
114004
114006
114007
114009
114010
114012
114013
114015
114016
114018
114019
114021
114022
114024
114025
114027
114028
114030
114031
114033
114034
114036
114037
114039
114040
114042
114043
114045
114046
204166
204167
204169
204170
204172
204173
204175
204176
204178
204179
204181
204182
204184
204185
204187
204188
204190
204191
204193
204194
204196
204197
204199
204200
204202
204203
204205
204206
204208
204209
204211
204212
204214
204215
204217
204218
204220
204221
204223
204224
204226
204227
204229
204230
204232
204233
204235
204236
114164
114165
114167
114168
114170
114171
114173
114174
114176
114177
114179
114180
114182
114183
114185
114186
114188
114189
114191
114192
114194
114195
114197
114198
114200
114201
114203
114204
114206
114207
114209
114210
114212
114213
114215
114216
114218
114219
114221
114222
114224
114225
114227
204340
114228
204341
114230
204343
114231
204344
114233
204346
114234
204347
114236
204349
114237
204350
204352
204353
204355
204356
204358
204359
204361
204362
204364
204365
204367
204368
204370
204371
204373
204374
204376
204377
204379
204380
204382
204383
204385
204386
204388
204389
204391
204392
204394
204395
204397
204398
204400
204401
204403
204404
204406
204407
204409
204410
114355
114356
114358
114359
114361
114362
114364
114365
114367
114368
114370
114371
114373
114374
114376
24264
114377
114379
24267
114380
24269
114382
24270
114383
114385
114386
114388
114389
114391
114392
114394
114395
114397
114398
114400
204513
114401
204514
114403
204516
114404
204517
114406
204519
114407
204520
114409
204522
114410
204523
114412
204525
114413
204526
114415
204528
114416
204529
114418
204531
114419
204532
114421
204534
114422
204535
114424
204537
114425
204538
114427
204540
114428
204541
204543
204544
204546
204547
204549
204550
204552
204553
204555
204556
204558
204559
204561
204562
204564
204565
204567
204568
204570
204571
204573
204574
204576
204577
204579
204580
204583
114546
114549
114552
114553
114555
114556
114558
114559
114561
114562
114564
114565
114567
114568
114570
114571
204684
114573
114574
204687
114576
114577
204690
114579
114580
204693
114582
114583
204696
114585
204699
114588
204702
114591
204705
114594
204708
114597
204711
114600
204714
114603
204717
114606
204720
114609
204723
114612
204726
114615
204729
114618
204732
204735
204738
204741
204744
204747
204750
)


// ************************************************************************* //
